STARLINK-31             
1 44235U 19029A   20214.25002315  .00899024  00000-0  58839-2 0  9993
2 44235  52.9898 352.4478 0001229  61.2320 172.2016 15.73043998 67205
STARLINK-22             
1 44236U 19029B   20214.67841784  .00210365  30793-4  31927-3 0  9992
2 44236  53.0021 302.1006 0006914 254.4226 105.9701 16.04053110 67949
STARLINK-23             
1 44237U 19029C   20214.25002315  .00899170  00000-0  59043-2 0  9995
2 44237  52.9991 352.2079 0001058  87.6228 115.9957 15.72965334 66095
STARLINK-24             
1 44238U 19029D   20213.94175996  .00001353  00000-0  92013-4 0  9991
2 44238  52.9991   7.2373 0001688 101.2587 258.8594 15.13227554 64227
STARLINK-25             
1 44239U 19029E   20214.25002315  .00898045  00000-0  60804-2 0  9994
2 44239  53.0060 351.8229 0001244  68.1122   0.5608 15.72244224 66014
STARLINK-26             
1 44240U 19029F   20213.76120114  .00030851  00000-0  63038-3 0  9995
2 44240  53.0088 313.6207 0001759 131.8777 228.2379 15.45912248 66587
STARLINK-27             
1 44241U 19029G   20214.25002315  .00899193  00000-0  59045-2 0  9997
2 44241  53.0077 352.6702 0001269  60.8047 196.7494 15.72966279 66081
STARLINK-28             
1 44242U 19029H   20214.49923570  .00853092  39183-3  11152-2 0  9991
2 44242  52.9926 296.4992 0007887 270.3354  89.6706 16.06353622 66873
STARLINK-29             
1 44243U 19029J   20214.25002315 -.00004018  00000-0 -12133-4 0  9994
2 44243  52.9985 248.3516 0002157  63.6464 184.9148 15.87197753 67528
STARLINK-30             
1 44244U 19029K   20214.25002315  .00898768  00000-0  59016-2 0  9995
2 44244  52.9968 352.1130 0001087  87.1286  56.5017 15.72966644 66053
STARLINK-21             
1 44245U 19029L   20214.25002315  .00899524  00000-0  59075-2 0  9992
2 44245  52.9983 353.0034 0002006 150.4605  77.1430 15.72964857 66057
STARLINK-33             
1 44247U 19029N   20214.45213315  .00842644  36365-3  13180-2 0  9994
2 44247  53.0049 297.9378 0001581 220.2697 139.7994 16.03480894 66885
STARLINK-34             
1 44248U 19029P   20214.58335648  .00028064  00000-0  11203-3 0  9994
2 44248  53.0014 306.2736 0003520 336.1849 355.7836 15.86389954 66689
STARLINK-61             
1 44249U 19029Q   20213.75877601  .00000831  00000-0  55330-4 0  9995
2 44249  53.0037 354.6350 0008041 135.7446 224.4192 15.18377281 66023
STARLINK-36             
1 44250U 19029R   20214.25002315  .00898526  00000-0  59005-2 0  9992
2 44250  52.9964 352.2048 0001185  61.7366 111.8767 15.72965734 66046
STARLINK-37             
1 44251U 19029S   20214.25002315  .00899242  00000-0  59052-2 0  9991
2 44251  52.9788 351.1277 0001078  97.1804  82.4497 15.72963002 66010
STARLINK-71             
1 44252U 19029T   20214.25002315  .00028123  00000-0  16145-2 0  9990
2 44252  53.0003   6.4816 0001876  84.2469  85.2872 15.12341846 65817
STARLINK-39             
1 44253U 19029U   20214.25002315  .00899251  00000-0  59049-2 0  9999
2 44253  53.0069 352.6242 0001225  63.7445 181.8314 15.72965846 66063
STARLINK-32             
1 44254U 19029V   20214.25002315  .00899390  00000-0  59057-2 0  9993
2 44254  52.9985 352.1959 0001077 100.6421  96.9269 15.72965039 66035
STARLINK-66             
1 44255U 19029W   20214.43865795  .00861843  39923-3  11438-2 0  9995
2 44255  53.0054 299.0112 0005127 253.3553 106.6639 16.06152829 66793
STARLINK-42             
1 44256U 19029X   20214.58335648  .00032472  00000-0  19008-3 0  9992
2 44256  52.9941 300.2227 0008597 325.8448 218.4261 15.78015034 66743
STARLINK-43             
1 44257U 19029Y   20214.58335648  .00008351  00000-0  27445-3 0  9996
2 44257  53.0016 306.4441 0001086  81.9046 126.2486 15.32413252 66766
STARLINK-40             
1 44258U 19029Z   20214.25002315  .00899288  00000-0  59050-2 0  9996
2 44258  52.9990 352.2072 0001101 106.0127  85.6077 15.72965539 66063
STARLINK-52             
1 44259U 19029AA  20214.25002315  .00001060  00000-0  61061-5 0  9998
2 44259  53.0002 249.4103 0002135  62.6746  26.0242 15.90076559  1791
STARLINK-45             
1 44260U 19029AB  20214.25002315  .00899210  00000-0  59043-2 0  9996
2 44260  53.0096 351.1871 0001089  83.1966 138.3937 15.72966695 66145
STARLINK-44             
1 44261U 19029AC  20214.25002315  .00898570  00000-0  59009-2 0  9997
2 44261  52.9963 352.1893 0001253  56.4290 129.2138 15.72965474 66087
STARLINK-49             
1 44262U 19029AD  20214.25002315  .00899256  00000-0  59047-2 0  9992
2 44262  53.0061 352.6781 0001224  66.9003 196.6745 15.72966731 66096
STARLINK-72             
1 44263U 19029AE  20214.25002315  .00898866  00000-0  59025-2 0  9995
2 44263  52.9988 352.0670 0001087  85.3240  52.3009 15.72965424 66087
STARLINK-35             
1 44264U 19029AF  20214.58335648  .01342497  00000-0  84856-2 0  9995
2 44264  52.9972 350.4857 0001176 112.4164 132.3486 15.73270912 66110
STARLINK-63             
1 44265U 19029AG  20214.25002315  .00898886  00000-0  59024-2 0  9998
2 44265  52.9966 351.5142 0001081  83.4374  78.1734 15.72966201 66102
STARLINK-54             
1 44266U 19029AH  20214.25002315  .00899279  00000-0  59053-2 0  9998
2 44266  52.9984 351.4841 0001257  67.7445 237.8278 15.72964845 66027
STARLINK-69             
1 44267U 19029AJ  20214.25002315  .00899328  00000-0  59052-2 0  9993
2 44267  52.9989 351.3740 0001093  96.1734 137.4403 15.72965639 66077
STARLINK-55             
1 44268U 19029AK  20214.58335648  .00003580  00000-0  49404-4 0  9997
2 44268  52.9948 303.1832 0001623  76.3599 257.3599 15.60173823 66743
STARLINK-57             
1 44269U 19029AL  20214.25002315  .00899220  00000-0  59047-2 0  9990
2 44269  53.0017 351.9199 0001136  81.4888 188.1037 15.72965358 66111
STARLINK-58             
1 44270U 19029AM  20214.58335648  .00401889  90534-4  44005-3 0  9990
2 44270  53.0023 306.2726 0004119 285.0937 267.5672 16.09178338 66774
STARLINK-59             
1 44271U 19029AN  20214.25002315  .00898330  00000-0  58992-2 0  9992
2 44271  52.9956 351.4343 0001127  77.0214  48.6099 15.72965966 66106
STARLINK-51             
1 44272U 19029AP  20214.25002315  .00898401  00000-0  58998-2 0  9998
2 44272  52.9948 352.0572 0001155  67.3013  82.3331 15.72965367 66063
STARLINK-60             
1 44273U 19029AQ  20214.35356087  .00035481  00000-0  40528-3 0  9990
2 44273  52.9935 243.0566 0002177 241.2153 118.8640 15.61866809 67603
STARLINK-62             
1 44274U 19029AR  20214.52641320  .00104977  16259-4  16449-3 0  9996
2 44274  53.0050 306.6319 0002229  44.8037 315.3154 16.03845306 66724
STARLINK-64             
1 44275U 19029AS  20214.25002315  .00047733  00000-0  12358-2 0  9995
2 44275  52.9930 332.9007 0007353 102.3969 162.8546 15.38587407 66321
STARLINK-65             
1 44276U 19029AT  20214.25002315  .00043519  00000-0  95055-3 0  9990
2 44276  53.0008 354.3091 0000280  67.6621 338.4171 15.43782615  1789
STARLINK-41             
1 44277U 19029AU  20214.43069397  .00742487  27644-3  11754-2 0  9993
2 44277  53.0200 299.6401 0011398 317.3108  42.2637 16.03129643 66834
STARLINK-68             
1 44279U 19029AW  20214.25002315  .00045327  00000-0  82746-3 0  9995
2 44279  52.9963 352.2335 0000636  71.8746 190.8790 15.48987968  1823
STARLINK-38             
1 44280U 19029AX  20214.25002315  .00898433  00000-0  58997-2 0  9991
2 44280  53.0016 352.0051 0001121  82.6882  24.9732 15.72966552 66096
STARLINK-70             
1 44281U 19029AY  20214.25002315  .00042610  00000-0  13443-2 0  9997
2 44281  53.0004 357.7448 0001634  87.8239 255.8606 15.32466711 65944
STARLINK-80             
1 44282U 19029AZ  20214.29873523  .00003343  00000-0  14266-3 0  9994
2 44282  53.0256 325.8464 0004392  34.4314 325.6967 15.25709455 66454
STARLINK-56             
1 44283U 19029BA  20214.25002315  .00898450  00000-0  58996-2 0  9992
2 44283  52.9998 352.0892 0001100  90.0335  29.6309 15.72967210 66096
STARLINK-73             
1 44284U 19029BB  20214.25002315  .00898570  00000-0  59005-2 0  9998
2 44284  52.9987 352.0656 0001118  81.8943  31.7484 15.72966521 66075
STARLINK-50             
1 44285U 19029BC  20214.41716971  .00519418  00000-0  83318-2 0  9992
2 44285  53.0025 354.0839 0002166 105.1120 255.0127 15.50667524 67137
STARLINK-75             
1 44286U 19029BD  20214.58335648  .00011404  00000-0  10515-3 0  9991
2 44286  53.0061 303.4808 0009663  35.2591  98.5580 15.68146689 67851
STARLINK-76             
1 44287U 19029BE  20214.25002315  .00053966  00000-0  11510-2 0  9992
2 44287  52.9983 354.0097 0000890  89.7803 305.4152 15.44392489  1788
STARLINK-79             
1 44288U 19029BF  20214.25002315  .00899368  00000-0  59055-2 0  9993
2 44288  53.0095 352.7672 0001157  80.8605 200.6703 15.72965985 67146
STARLINK-48             
1 44289U 19029BG  20214.25002315  .00042256  00000-0  19324-2 0  9995
2 44289  53.0044 337.8458 0001634  68.8033  22.8705 15.20151549 67331
STARLINK-78             
1 44290U 19029BH  20214.25002315  .00899143  00000-0  59042-2 0  9993
2 44290  53.0091 352.6543 0001232  66.2452 209.3555 15.72966172 67143
STARLINK-77             
1 44291U 19029BJ  20214.25002315  .00047262  00000-0  63796-3 0  9993
2 44291  53.0109 353.3621 0000929  69.8393 324.5502 15.57332388  1839
STARLINK-81             
1 44292U 19029BK  20214.25002315  .00046604  00000-0  62996-3 0  9994
2 44292  53.0107 353.3900 0001657  72.4951 332.8836 15.57300775  1889
STARLINK-74             
1 44293U 19029BL  20214.25002315  .00899147  00000-0  59029-2 0  9995
2 44293  53.0077 352.7005 0001119  81.3283 170.4288 15.72970894 67145
STARLINK-53             
1 44294U 19029BM  20214.25002315  .00045426  00000-0  61605-3 0  9993
2 44294  52.9976 352.6098 0000914  87.7334 120.7313 15.57224291  1772
STARLINK-1007           
1 44713U 19074A   20214.25002315  .00074433  00000-0  50780-2 0  9990
2 44713  53.0000  13.4427 0001363 110.8965 318.9792 15.05550698 40482
STARLINK-1008           
1 44714U 19074B   20214.25002315  .00039162  00000-0  26928-2 0  9998
2 44714  52.9994  13.4394 0001399 105.1685  54.6702 15.05569465 40499
STARLINK-1009           
1 44715U 19074C   20214.25002315  .00022287  00000-0  15448-2 0  9994
2 44715  52.9986  13.4422 0001431 107.2106 106.7292 15.05559197 40484
STARLINK-1010           
1 44716U 19074D   20214.25002315  .00023744  00000-0  16435-2 0  9991
2 44716  52.9975  13.4509 0001373 108.9083 158.9564 15.05575065 40489
STARLINK-1011           
1 44717U 19074E   20214.58335648 -.00019873  00000-0 -13486-2 0  9999
2 44717  53.0003  31.9491 0001593 107.6158 345.9369 15.05578503 40258
STARLINK-1012           
1 44718U 19074F   20214.25002315  .00056933  00000-0  38964-2 0  9990
2 44718  53.0003  13.4416 0001441 115.4305 170.4004 15.05568114 40483
STARLINK-1013           
1 44719U 19074G   20214.58335648 -.00029766  00000-0 -20317-2 0  9994
2 44719  53.0002  11.9468 0001323 118.8198 120.7669 15.05590682 40535
STARLINK-1014           
1 44720U 19074H   20214.25002315  .00021724  00000-0  15055-2 0  9999
2 44720  53.0000  13.4402 0004041 226.1448 275.7929 15.05577828 40482
STARLINK-1015           
1 44721U 19074J   20214.25002315  .00022140  00000-0  15342-2 0  9992
2 44721  52.9983  13.4453 0001332 119.6549  76.2642 15.05573326 40480
STARLINK-1016           
1 44722U 19074K   20214.25002315  .00021894  00000-0  15176-2 0  9993
2 44722  53.0000  13.4365 0001220 118.3329  59.4997 15.05568334 40493
STARLINK-1017           
1 44723U 19074L   20214.25002315  .00022062  00000-0  15283-2 0  9991
2 44723  52.9997  13.4426 0001519 102.3230   3.5859 15.05587038 40488
STARLINK-1019           
1 44724U 19074M   20214.25002315  .00024441  00000-0  16914-2 0  9997
2 44724  53.0000  13.4415 0001433 112.1138 191.7894 15.05566274 40483
STARLINK-1020           
1 44725U 19074N   20214.58335648 -.00019765  00000-0 -13409-2 0  9993
2 44725  52.9997  31.9458 0001429 111.2994 126.1786 15.05586648 40258
STARLINK-1021           
1 44726U 19074P   20214.58335648 -.00029582  00000-0 -20190-2 0  9997
2 44726  53.0007  11.9470 0001572 110.3898 219.2084 15.05590521 40538
STARLINK-1022           
1 44727U 19074Q   20214.25002315 -.00031964  00000-0 -21844-2 0  9998
2 44727  53.0017  53.4328 0001460  96.5630 295.5494 15.05581610  1761
STARLINK-1023           
1 44728U 19074R   20214.58335648 -.00033106  00000-0 -22614-2 0  9999
2 44728  52.9986  11.9445 0001543 102.1873 353.4454 15.05615185 40532
STARLINK-1024           
1 44729U 19074S   20214.58335648 -.00019319  00000-0 -13093-2 0  9991
2 44729  53.0001  31.9450 0001570  98.3278  49.0988 15.05608947 40264
STARLINK-1025           
1 44730U 19074T   20214.25002315  .00062479  00000-0  42718-2 0  9998
2 44730  52.9992  13.4419 0001340 116.0464   7.8501 15.05559102 40488
STARLINK-1026           
1 44731U 19074U   20214.58335648 -.00029331  00000-0 -20007-2 0  9992
2 44731  53.0015  11.9470 0001472 105.4375 152.1862 15.05607860 40531
STARLINK-1027           
1 44732U 19074V   20214.58335648 -.00020024  00000-0 -13580-2 0  9991
2 44732  52.9989  31.9469 0001386 113.6785 177.7926 15.05607255 40251
STARLINK-1028           
1 44733U 19074W   20214.25002315  .00024353  00000-0  16849-2 0  9996
2 44733  53.0008  13.4421 0001434 120.5073 219.4171 15.05577888 40489
STARLINK-1029           
1 44734U 19074X   20214.58335648 -.00013462  00000-0 -14919-3 0  9999
2 44734  52.9986 316.4104 0005026  99.5568 284.9436 15.61372158 41311
STARLINK-1030           
1 44735U 19074Y   20214.58335648 -.00019752  00000-0 -13396-2 0  9995
2 44735  52.9994  31.9462 0001326 119.4564 135.9710 15.05597915 40254
STARLINK-1031           
1 44736U 19074Z   20214.58335648 -.00019388  00000-0 -13146-2 0  9994
2 44736  52.9985  31.9514 0001463 109.0785  56.3795 15.05593393 40250
STARLINK-1032           
1 44737U 19074AA  20214.25002315  .00036553  00000-0  25160-2 0  9991
2 44737  53.0006  33.4437 0001497 112.2133 351.4916 15.05563531  1766
STARLINK-1033           
1 44738U 19074AB  20214.58335648 -.00019325  00000-0 -13106-2 0  9993
2 44738  52.9996  31.9509 0001515 121.4644  62.0018 15.05583834 40259
STARLINK-1052           
1 44739U 19074AC  20214.58335648 -.00019527  00000-0 -13239-2 0  9995
2 44739  52.9995  31.9467 0001483  98.0537 121.4510 15.05601675 40257
STARLINK-1035           
1 44740U 19074AD  20214.25002315 -.00006668  00000-0 -43896-3 0  9998
2 44740  53.0000  33.4424 0001517 111.1237  10.6646 15.05573870 40209
STARLINK-1036           
1 44741U 19074AE  20214.58335648 -.00019941  00000-0 -13527-2 0  9998
2 44741  52.9997  31.9455 0001508 108.5462 326.8978 15.05594215 40251
STARLINK-1037           
1 44742U 19074AF  20213.95092336  .00001366  00000-0  11146-3 0  9999
2 44742  53.0001  34.4386 0002080 120.9218 239.1975 15.06103812 39996
STARLINK-1038           
1 44743U 19074AG  20214.25002315 -.00030048  00000-0 -20505-2 0  9991
2 44743  52.9995  53.4453 0001201 102.6905  37.4010 15.05604056  1765
STARLINK-1039           
1 44744U 19074AH  20214.25002315 -.00029875  00000-0 -20385-2 0  9994
2 44744  52.9986  53.4426 0001491  90.6479  13.3986 15.05603744  1767
STARLINK-1040           
1 44745U 19074AJ  20214.46834146  .00164999  23403-4  24558-3 0  9991
2 44745  52.9740 275.6651 0006575  12.7969 347.3227 16.04453106 41858
STARLINK-1041           
1 44746U 19074AK  20214.25002315 -.00030383  00000-0 -20748-2 0  9995
2 44746  52.9994  53.4439 0001421 106.5024  51.5698 15.05583816  1769
STARLINK-1042           
1 44747U 19074AL  20214.25002315 -.00032466  00000-0 -22178-2 0  9999
2 44747  53.0017  53.4333 0001462 101.1346 272.9200 15.05603437  1764
STARLINK-1043           
1 44748U 19074AM  20214.58335648  .00000002  00000-0  19297-4 0  9993
2 44748  52.9998  51.9463 0001502 105.8099 131.9370 15.05580239 39980
STARLINK-1044           
1 44749U 19074AN  20214.58335648 -.00020117  00000-0 -13646-2 0  9995
2 44749  53.0012  31.9462 0001315 108.0027 309.4609 15.05602017 40253
STARLINK-1045           
1 44750U 19074AP  20214.25002315 -.00030441  00000-0 -20776-2 0  9996
2 44750  53.0007  53.4461 0001490 100.0698 345.9651 15.05605745  1763
STARLINK-1046           
1 44751U 19074AQ  20214.25002315 -.00029950  00000-0 -20452-2 0  9991
2 44751  52.9988  53.4425 0001427  94.7800  27.3627 15.05577127  1760
STARLINK-1047           
1 44752U 19074AR  20214.25002315 -.00007851  00000-0 -52045-3 0  9992
2 44752  53.0010  33.4426 0001266 100.8399 290.9691 15.05566594 40208
STARLINK-1048           
1 44753U 19074AS  20214.25002315  .00023253  00000-0  16110-2 0  9997
2 44753  52.9992  13.4428 0001273 116.6394 295.3227 15.05552258 40480
STARLINK-1049           
1 44754U 19074AT  20214.25002315  .00076877  00000-0  52420-2 0  9992
2 44754  52.9980  13.4434 0001395 111.3972 282.4357 15.05552697 40482
STARLINK-1050           
1 44755U 19074AU  20214.25002315 -.00030696  00000-0 -20962-2 0  9990
2 44755  53.0032  53.4291 0001503 101.6574 326.4134 15.05588726  1761
STARLINK-1051           
1 44756U 19074AV  20214.25002315  .00024054  00000-0  16653-2 0  9992
2 44756  52.9991  13.4416 0001266 112.9389 262.9479 15.05559638 40482
STARLINK-1034           
1 44757U 19074AW  20214.25002315  .00044303  00000-0  30426-2 0  9996
2 44757  53.0003  33.4438 0001282 108.4930 211.2510 15.05557204  1763
STARLINK-1053           
1 44758U 19074AX  20214.58335648  .00000833  00000-0  76323-4 0  9999
2 44758  53.0001  51.9385 0001443 110.9635 198.7901 15.05581989 39982
STARLINK-1054           
1 44759U 19074AY  20214.25002315 -.00033751  00000-0 -23075-2 0  9997
2 44759  53.0026  53.4363 0001545 106.9088 231.1323 15.05591845 39930
STARLINK-1055           
1 44760U 19074AZ  20214.25002315 -.00031583  00000-0 -21572-2 0  9990
2 44760  53.0015  53.4305 0001381 103.1504 306.8244 15.05595677  1765
STARLINK-1056           
1 44761U 19074BA  20214.25002315 -.00033244  00000-0 -22733-2 0  9997
2 44761  53.0010  53.4331 0001239 110.5947 245.4833 15.05578103  1751
STARLINK-1057           
1 44762U 19074BB  20214.25002315 -.00008942  00000-0 -59518-3 0  9997
2 44762  53.0003  33.4416 0001338 108.2218 229.5713 15.05586070 40206
STARLINK-1058           
1 44763U 19074BC  20214.25002315 -.00033222  00000-0 -22716-2 0  9996
2 44763  52.9998  53.4405 0001327 107.8577 140.2456 15.05580763 39933
STARLINK-1059           
1 44764U 19074BD  20214.25002315  .00044464  00000-0  30534-2 0  9992
2 44764  53.0007  33.4415 0001493  91.2026 264.5064 15.05558796 40203
STARLINK-1060           
1 44765U 19074BE  20214.25002315  .00045256  00000-0  31066-2 0  9994
2 44765  53.0003  33.4415 0001381 109.9907 155.7071 15.05564611 40203
STARLINK-1061           
1 44766U 19074BF  20214.25002315 -.00033949  00000-0 -23203-2 0  9997
2 44766  53.0014  53.4408 0001406 108.3592 175.7122 15.05606781 39933
STARLINK-1062           
1 44767U 19074BG  20214.25002315 -.00034085  00000-0 -23304-2 0  9992
2 44767  53.0015  53.4333 0001267  97.4469 222.5733 15.05596191  1760
STARLINK-1063           
1 44768U 19074BH  20214.25002315 -.00031466  00000-0 -21500-2 0  9999
2 44768  52.9987  53.4421 0001303 105.0797  89.0225 15.05579623 39939
STARLINK-1064           
1 44769U 19074BJ  20214.25002315 -.00031080  00000-0 -21211-2 0  9991
2 44769  52.9996  53.4415 0001549 101.4693  74.5662 15.05617153 39935
STARLINK-1065           
1 44770U 19074BK  20213.98160564  .00001250  00000-0  10364-3 0  9995
2 44770  53.0051  54.3645 0002541 101.8185 258.3089 15.06086553 39894
STARLINK-1067           
1 44771U 19074BL  20214.25002315 -.00033604  00000-0 -22969-2 0  9999
2 44771  53.0019  53.4376 0001391  99.1254 166.9084 15.05598788  1769
STARLINK-1068           
1 44772U 19074BM  20214.58335648 -.00020160  00000-0 -13678-2 0  9994
2 44772  53.0008  31.9445 0001514 112.3851 197.0555 15.05595948 40254
STARLINK-1073           
1 44914U 20001A   20214.25002315  .00012602  00000-0  88280-3 0  9992
2 44914  53.0005 173.4432 0001488  81.9262 279.3093 15.05568697 31414
STARLINK-1084           
1 44915U 20001B   20214.25002315  .00016082  00000-0  11202-2 0  9998
2 44915  53.0000 173.4431 0001557  84.1727 115.1494 15.05585326  1762
STARLINK-1097           
1 44916U 20001C   20214.25002315  .00014063  00000-0  98274-3 0  9991
2 44916  53.0001 173.4438 0001393  91.3108  53.9506 15.05567049 31412
STARLINK-1098           
1 44917U 20001D   20214.25002315  .00015612  00000-0  10885-2 0  9994
2 44917  53.0006 173.4435 0001611  95.2888  85.9424 15.05571674 31419
STARLINK-1099           
1 44918U 20001E   20214.25002315  .00013301  00000-0  93030-3 0  9992
2 44918  52.9988 173.4430 0001547  97.4050  29.8826 15.05579236 32152
STARLINK-1101           
1 44919U 20001F   20214.25002315  .00011713  00000-0  82209-3 0  9994
2 44919  53.0006 173.4427 0001503  69.2204 346.0674 15.05563855 31415
STARLINK-1102           
1 44920U 20001G   20214.25002315  .00011669  00000-0  81896-3 0  9997
2 44920  53.0010 173.4431 0001489  98.6662 298.6005 15.05566993 31410
STARLINK-1103           
1 44921U 20001H   20214.25002315  .00011752  00000-0  82451-3 0  9999
2 44921  53.0009 173.4424 0001375  76.7402 356.5262 15.05575397 31411
STARLINK-1104           
1 44922U 20001J   20214.25002315  .00012713  00000-0  89067-3 0  9998
2 44922  52.9994 173.4393 0001285  77.5214  31.7427 15.05555928 31411
STARLINK-1106           
1 44923U 20001K   20214.25002315 -.00022282  00000-0 -15140-2 0  9993
2 44923  52.9984 173.4426 0001258  90.3683 234.9319 15.05602409 31404
STARLINK-1111           
1 44924U 20001L   20214.25002315  .00012092  00000-0  84780-3 0  9997
2 44924  53.0007 173.4436 0001609  84.2393 295.0276 15.05574353 31411
STARLINK-1112           
1 44925U 20001M   20214.25002315  .00017740  00000-0  12337-2 0  9991
2 44925  52.9996 173.4392 0001364  84.9820 222.2666 15.05577797  1763
STARLINK-1113           
1 44926U 20001N   20214.25002315  .00016206  00000-0  11288-2 0  9992
2 44926  53.0009 173.4369 0001751  81.2500 190.0652 15.05581819  1767
STARLINK-1114           
1 44927U 20001P   20214.25002315  .00016526  00000-0  11511-2 0  9997
2 44927  52.9991 173.4405 0001641  82.7639 152.4344 15.05566399 31415
STARLINK-1119           
1 44928U 20001Q   20214.58335648 -.00032371  00000-0 -22124-2 0  9992
2 44928  52.9997 171.9440 0001277  78.0463 182.9776 15.05584844 31469
STARLINK-1121           
1 44929U 20001R   20214.25002315  .00013292  00000-0  93029-3 0  9991
2 44929  52.9995 173.4401 0001378  81.6860 261.6320 15.05555611 31409
STARLINK-1123           
1 44930U 20001S   20214.25002315  .00014911  00000-0  10406-2 0  9999
2 44930  52.9990 173.4458 0001433  94.1975  69.0237 15.05570857 31413
STARLINK-1128           
1 44931U 20001T   20214.25002315  .00015556  00000-0  10846-2 0  9994
2 44931  53.0008 173.4393 0001442  90.0268 199.1804 15.05574668  1768
STARLINK-1130 (DARKSAT) 
1 44932U 20001U   20214.25002315  .00016482  00000-0  11476-2 0  9994
2 44932  52.9986 173.4444 0001224  78.9188 138.4110 15.05583300 32643
STARLINK-1144           
1 44933U 20001V   20214.25002315  .00012073  00000-0  84655-3 0  9997
2 44933  52.9984 173.4454 0001420  86.9249   4.3390 15.05569815 32701
STARLINK-1071           
1 44934U 20001W   20214.25002315  .00036105  00000-0  24857-2 0  9997
2 44934  52.9990 153.4421 0001508  75.0336 270.3462 15.05561257 31687
STARLINK-1072           
1 44935U 20001X   20214.25002315  .00038285  00000-0  26326-2 0  9992
2 44935  52.9992 153.4449 0001264  84.6490  62.7365 15.05578328  1764
STARLINK-1078           
1 44936U 20001Y   20214.25002315  .00021578  00000-0  14958-2 0  9998
2 44936  53.0002 153.4512 0001544  81.2003 300.2127 15.05574899 31694
STARLINK-1079           
1 44937U 20001Z   20214.25002315  .00038266  00000-0  26321-2 0  9998
2 44937  53.0005 153.4407 0001445  89.0567  22.3731 15.05567231 31697
STARLINK-1082           
1 44938U 20001AA  20214.25002315  .00036603  00000-0  25206-2 0  9993
2 44938  53.0001 153.4438 0001631  80.2168 175.1312 15.05545807  1767
STARLINK-1083           
1 44939U 20001AB  20214.25002315  .00037079  00000-0  25510-2 0  9990
2 44939  52.9977 153.4545 0001335  94.2521 125.1827 15.05574234 31682
STARLINK-1091           
1 44940U 20001AC  20214.25002315  .00038113  00000-0  26218-2 0  9998
2 44940  52.9960 153.4658 0001568  82.2528  83.1757 15.05566277  1762
STARLINK-1094           
1 44941U 20001AD  20214.25002315  .00037750  00000-0  25975-2 0  9994
2 44941  52.9996 153.4431 0001434  91.2427 326.1040 15.05561562  1768
STARLINK-1096           
1 44942U 20001AE  20214.25002315  .00038266  00000-0  26322-2 0  9995
2 44942  52.9999 153.4410 0001364  85.0287  44.3996 15.05565979  1761
STARLINK-1100           
1 44943U 20001AF  20214.25002315 -.00018167  00000-0 -12305-2 0  9992
2 44943  53.0002 153.4499 0001384  86.6191 150.8259 15.05590085 31684
STARLINK-1108           
1 44944U 20001AG  20214.25002315  .00036385  00000-0  25048-2 0  9991
2 44944  53.0013 153.4442 0001566  86.1799 277.2168 15.05560644  1763
STARLINK-1109           
1 44945U 20001AH  20214.25002315  .00037824  00000-0  26033-2 0  9996
2 44945  52.9949 153.4610 0001493  77.2732 106.1527 15.05550011  1760
STARLINK-1110           
1 44946U 20001AJ  20214.25002315  .00036409  00000-0  24939-2 0  9998
2 44946  53.0023 153.4010 0000821  28.0654 332.6566 15.05746944 31697
STARLINK-1116           
1 44947U 20001AK  20214.25002315  .00038151  00000-0  26248-2 0  9990
2 44947  53.0013 153.4444 0001562  87.1432   6.2270 15.05560551 31695
STARLINK-1122           
1 44949U 20001AM  20214.25002315  .00036084  00000-0  24837-2 0  9997
2 44949  52.9995 153.4419 0001444  85.3217 206.0659 15.05569614 31685
STARLINK-1125           
1 44950U 20001AN  20214.58335648 -.00005267  00000-0 -34252-3 0  9997
2 44950  52.9964 151.9573 0001569  95.6646 113.4677 15.05586654 31735
STARLINK-1126           
1 44951U 20001AP  20214.25002315  .00035011  00000-0  24079-2 0  9997
2 44951  53.0018 153.4464 0001210  34.7629 246.5254 15.05614889 32970
STARLINK-1117           
1 44952U 20001AQ  20214.25002315  .00037289  00000-0  25669-2 0  9993
2 44952  53.0009 153.4429 0001460  82.5797 316.8663 15.05550449  1765
STARLINK-1124           
1 44953U 20001AR  20214.25002315  .00035993  00000-0  24786-2 0  9993
2 44953  53.0009 153.4443 0001522  69.4356 239.9569 15.05553828  1760
STARLINK-1066           
1 44954U 20001AS  20214.58335648  .00023649  00000-0  16377-2 0  9990
2 44954  53.0008 131.9471 0001296  79.9099  95.3415 15.05558988 31961
STARLINK-1069           
1 44955U 20001AT  20214.58335648  .00023727  00000-0  16422-2 0  9999
2 44955  53.0000 131.9436 0001670  96.4725  24.8041 15.05578655 31966
STARLINK-1070           
1 44956U 20001AU  20214.58335648  .00023707  00000-0  16408-2 0  9992
2 44956  53.0006 131.9440 0001358  99.0353  40.2015 15.05578790 32028
STARLINK-1074           
1 44957U 20001AV  20214.25002315 -.00012306  00000-0 -82661-3 0  9999
2 44957  53.0004 133.4432 0001276  93.5437 253.9985 15.05591971  1757
STARLINK-1075           
1 44958U 20001AW  20214.58335648  .00026519  00000-0  18332-2 0  9996
2 44958  52.9992 131.9491 0001313  93.9926 297.2455 15.05563390 32020
STARLINK-1076           
1 44959U 20001AX  20214.58335648  .00080838  00000-0  55089-2 0  9991
2 44959  52.9981 131.9575 0001344  89.4967 193.6890 15.05546676 32010
STARLINK-1077           
1 44960U 20001AY  20214.25002315  .00038498  00000-0  10506-2 0  9999
2 44960  53.0006 128.9998 0001491  73.0001  84.9177 15.37082613 32031
STARLINK-1080           
1 44961U 20001AZ  20214.58335648  .00025731  00000-0  17791-2 0  9993
2 44961  53.0014 131.9379 0001374  85.5310 161.6497 15.05571395 32021
STARLINK-1081           
1 44962U 20001BA  20214.58335648  .00023850  00000-0  16507-2 0  9998
2 44962  53.0011 131.9450 0001288  93.8044  63.3863 15.05574956 32020
STARLINK-1085           
1 44963U 20001BB  20214.25002315  .00038960  00000-0  26785-2 0  9992
2 44963  53.0011 133.4407 0001579  88.2767   7.1775 15.05577457 32705
STARLINK-1086           
1 44964U 20001BC  20214.58335648  .00024593  00000-0  17027-2 0  9993
2 44964  53.0012 131.9495 0001290 106.8940 338.3977 15.05545992 32024
STARLINK-1088           
1 44966U 20001BE  20214.25002315  .00038089  00000-0  26184-2 0  9990
2 44966  53.0001 133.4419 0001407  82.2571 229.2615 15.05590994  1760
STARLINK-1089           
1 44967U 20001BF  20214.58335648  .00024565  00000-0  16995-2 0  9998
2 44967  53.0023 131.9431 0001741  76.4698 134.7817 15.05574105 32021
STARLINK-1090           
1 44968U 20001BG  20214.58335648  .00025136  00000-0  17385-2 0  9998
2 44968  52.9995 131.9475 0001529  77.9049 151.3137 15.05572266 32022
STARLINK-1092           
1 44969U 20001BH  20214.25002315  .00038274  00000-0  26339-2 0  9991
2 44969  52.9959 133.4654 0001770  84.9817 172.5787 15.05549008 31964
STARLINK-1093           
1 44970U 20001BJ  20214.58335648  .00027100  00000-0  18724-2 0  9992
2 44970  53.0008 131.9454 0001529  83.7656 289.4698 15.05570718 32023
STARLINK-1095           
1 44971U 20001BK  20214.58335648  .00025410  00000-0  17572-2 0  9995
2 44971  52.9988 131.9484 0001415  85.6833 341.5502 15.05571601 32020
STARLINK-1107           
1 44972U 20001BL  20214.58335648  .00024002  00000-0  16615-2 0  9999
2 44972  53.0006 131.9414 0001596  81.2757 111.9480 15.05566239 32029
STARLINK-1115           
1 44973U 20001BM  20214.58335648  .00084123  00000-0  57294-2 0  9998
2 44973  53.0003 131.9542 0001427  98.4282 202.7568 15.05546214 32011
STARLINK-1132           
1 45044U 20006A   20214.25002315 -.00034026  00000-0 -23269-2 0  9993
2 45044  52.9994  93.4431 0001373  89.9989  63.8583 15.05587061 28648
STARLINK-1120           
1 45045U 20006B   20214.25002315  .00012326  00000-0  86324-3 0  9993
2 45045  52.9995 113.4450 0001525  84.3546  67.2715 15.05597297 28367
STARLINK-1129           
1 45046U 20006C   20214.25002315  .00011937  00000-0  83682-3 0  9995
2 45046  52.9990 113.4468 0001498  83.0744  14.6154 15.05588561 28364
STARLINK-1131           
1 45047U 20006D   20214.25002315  .00012814  00000-0  89687-3 0  9992
2 45047  52.9994 113.4440 0001687  77.2781  56.4409 15.05586283 28361
STARLINK-1134           
1 45048U 20006E   20214.25002315  .00012396  00000-0  86794-3 0  9994
2 45048  53.0005 113.4407 0001377  95.1032 344.5160 15.05599720 28369
STARLINK-1135           
1 45049U 20006F   20214.25002315  .00013503  00000-0  94461-3 0  9996
2 45049  52.9998 113.4449 0001332  99.0140 322.6338 15.05561080 28361
STARLINK-1140           
1 45050U 20006G   20214.25002315  .00044962  00000-0  30882-2 0  9997
2 45050  53.0010 113.4456 0001408  88.0589 297.5535 15.05546047 28362
STARLINK-1141           
1 45051U 20006H   20214.25002315  .00011375  00000-0  79853-3 0  9992
2 45051  52.9996 113.4455 0001391  83.5443 320.0983 15.05582132 28367
STARLINK-1148           
1 45052U 20006J   20214.25002315  .00017407  00000-0  12116-2 0  9993
2 45052  52.9988 113.4447 0001327  84.1495 265.5021 15.05557302 28360
STARLINK-1155           
1 45053U 20006K   20214.25002315  .00009277  00000-0  65479-3 0  9991
2 45053  53.0002 113.4445 0001600  79.0044 162.6832 15.05591632 28377
STARLINK-1156           
1 45054U 20006L   20214.25002315  .00009169  00000-0  64767-3 0  9991
2 45054  52.9994 113.4440 0001662  72.8944 294.7347 15.05578892  1764
STARLINK-1157           
1 45055U 20006M   20214.25002315 -.00008306  00000-0 -28640-4 0  9997
2 45055  52.9981  72.4919 0005701 302.0493 104.4190 15.86860005 28942
STARLINK-1158           
1 45056U 20006N   20214.25002315  .00008303  00000-0  58828-3 0  9993
2 45056  52.9991 113.4471 0001618  83.5962 248.0477 15.05582235 28364
STARLINK-1159           
1 45057U 20006P   20214.25002315  .00008571  00000-0  60655-3 0  9992
2 45057  52.9999 113.4440 0001421  87.7569 189.8843 15.05587463 28378
STARLINK-1162           
1 45058U 20006Q   20214.25002315  .00007788  00000-0  55333-3 0  9999
2 45058  53.0014 113.4428 0001499  85.7365 227.9847 15.05564162  1765
STARLINK-1165           
1 45059U 20006R   20214.25002315  .00010677  00000-0  75053-3 0  9992
2 45059  53.0016 113.4415 0001580  87.5456 118.1058 15.05594823  1768
STARLINK-1166           
1 45060U 20006S   20214.25002315 -.00004394  00000-0 -28256-3 0  9998
2 45060  53.0001 113.4441 0001525  76.6009 147.0782 15.05584877 28374
STARLINK-1169           
1 45061U 20006T   20214.25002315  .00011487  00000-0  80632-3 0  9994
2 45061  53.0013 113.4410 0001321  83.1295 104.5067 15.05576787 28362
STARLINK-1171           
1 45062U 20006U   20214.25002315  .00009181  00000-0  64844-3 0  9990
2 45062  52.9999 113.4454 0001687  76.3524 183.2600 15.05581936 28376
STARLINK-1178           
1 45063U 20006V   20214.25002315  .00012010  00000-0  84220-3 0  9996
2 45063  53.0012 113.4417 0001530  87.5521  82.0547 15.05571086 28362
STARLINK-1133           
1 45064U 20006W   20214.25002315 -.00021583  00000-0 -14657-2 0  9990
2 45064  53.0009  93.4460 0001581  90.1742 171.6176 15.05602255 28653
STARLINK-1139           
1 45065U 20006X   20214.25002315 -.00020360  00000-0 -13820-2 0  9994
2 45065  53.0005  93.4448 0001275  89.8039 154.0240 15.05585863 28652
STARLINK-1145           
1 45066U 20006Y   20214.25002315 -.00023120  00000-0 -15716-2 0  9998
2 45066  52.9993  93.4436 0001531  90.5735 279.2674 15.05607036 28648
STARLINK-1150           
1 45067U 20006Z   20214.25002315 -.00023517  00000-0 -15995-2 0  9998
2 45067  53.0016  93.4309 0001625  95.5371 202.1905 15.05595936 28659
STARLINK-1161           
1 45068U 20006AA  20214.25002315 -.00023783  00000-0 -16177-2 0  9997
2 45068  52.9995  93.4490 0001629  92.0841 259.7004 15.05599198 28644
STARLINK-1163           
1 45069U 20006AB  20214.25002315 -.00026015  00000-0 -17726-2 0  9990
2 45069  53.0010  93.4429 0001372  90.4529 315.4041 15.05585010 28646
STARLINK-1164           
1 45070U 20006AC  20214.25002315 -.00018725  00000-0 -12689-2 0  9994
2 45070  52.9996  93.4439 0001396 101.0207 340.7508 15.05592232 28652
STARLINK-1167           
1 45071U 20006AD  20214.25002315 -.00017233  00000-0 -11657-2 0  9992
2 45071  53.0005  93.4433 0001611  96.0185  21.7875 15.05602648 28654
STARLINK-1168           
1 45072U 20006AE  20214.25002315 -.00017601  00000-0 -11914-2 0  9998
2 45072  52.9992  93.4443 0001696  89.2433  10.5154 15.05592068 28652
STARLINK-1170           
1 45073U 20006AF  20214.25002315 -.00023859  00000-0 -16223-2 0  9999
2 45073  53.0006  93.4439 0001484  93.5053 222.1993 15.05613768 28649
STARLINK-1172           
1 45074U 20006AG  20214.25002315 -.00022304  00000-0 -15159-2 0  9991
2 45074  52.9994  93.4451 0001471  89.4690 298.3178 15.05592327 28653
STARLINK-1174           
1 45075U 20006AH  20214.25002315 -.00019111  00000-0 -12951-2 0  9991
2 45075  53.0003  93.4428 0001443  88.7843 137.0349 15.05605002 28656
STARLINK-1180           
1 45076U 20006AJ  20214.25002315 -.00016947  00000-0 -11461-2 0  9991
2 45076  53.0001  93.4422 0001380  82.3721 107.3998 15.05598618 28658
STARLINK-1182           
1 45077U 20006AK  20214.25002315 -.00019962  00000-0 -13541-2 0  9993
2 45077  53.0009  93.4428 0001277  85.8419 337.9646 15.05597005 28650
STARLINK-1177           
1 45078U 20006AL  20214.25002315 -.00016163  00000-0 -10921-2 0  9993
2 45078  53.0009  93.4448 0001474  97.2081  38.5602 15.05599019 28309
STARLINK-1149           
1 45079U 20006AM  20214.25002315 -.00018610  00000-0 -12607-2 0  9996
2 45079  52.9941  93.4680 0001395 101.8695 106.0061 15.05601264 28290
STARLINK-1153           
1 45080U 20006AN  20214.25002315 -.00016781  00000-0 -11353-2 0  9992
2 45080  53.0001  93.4423 0001572  78.8154  92.9804 15.05578793 28306
STARLINK-1151           
1 45081U 20006AP  20214.25002315 -.00022716  00000-0 -15438-2 0  9996
2 45081  53.0010  93.4414 0001506  94.2404 185.6087 15.05604569 28656
STARLINK-1160           
1 45082U 20006AQ  20214.25002315 -.00023967  00000-0 -16300-2 0  9995
2 45082  52.9967  93.4528 0001426  87.9392 245.8745 15.05609595 28641
STARLINK-1190           
1 45083U 20006AR  20214.25002315  .00012966  00000-0  90745-3 0  9997
2 45083  53.0015 113.4448 0001499  91.2298  24.4200 15.05578567 28365
STARLINK-1173           
1 45084U 20006AS  20214.25002315 -.00033105  00000-0 -22620-2 0  9994
2 45084  53.0021  73.4360 0001383  99.8783  74.0254 15.05604247 29047
STARLINK-1179           
1 45085U 20006AT  20214.25002315 -.00033756  00000-0 -23077-2 0  9994
2 45085  52.9996  73.4401 0001408  87.0566 104.8631 15.05594227 28933
STARLINK-1181           
1 45086U 20006AU  20214.02223577 -.00001677  00000-0 -95938-4 0  9999
2 45086  53.0043  74.4607 0001973 109.9886 250.1315 15.05581325 28898
STARLINK-1185           
1 45087U 20006AV  20214.25002315 -.00036951  00000-0 -25292-2 0  9997
2 45087  53.0012  73.4382 0001418  77.7716 186.1985 15.05592397  1761
STARLINK-1183           
1 45088U 20006AW  20214.25002315 -.00032695  00000-0 -22349-2 0  9999
2 45088  53.0004  73.4392 0001517  87.1420  50.8055 15.05583614  1768
STARLINK-1136           
1 45089U 20006AX  20214.25002315 -.00033742  00000-0 -23070-2 0  9996
2 45089  53.0002  73.4404 0001414  70.7277  49.1628 15.05590583  1765
STARLINK-1176           
1 45090U 20006AY  20214.25002315 -.00035359  00000-0 -24178-2 0  9994
2 45090  53.0007  73.4408 0001571 100.7303 127.1975 15.05608268  1766
STARLINK-1127           
1 45091U 20006AZ  20214.25002315 -.00036222  00000-0 -24791-2 0  9996
2 45091  53.0007  73.4426 0001737  85.3063 322.6485 15.05585587  1768
STARLINK-1137           
1 45092U 20006BA  20214.25002315 -.00037626  00000-0 -25767-2 0  9990
2 45092  52.9977  73.4618 0001503  88.2828 283.6679 15.05582369  1764
STARLINK-1142           
1 45093U 20006BB  20214.25002315 -.00036923  00000-0 -25266-2 0  9994
2 45093  52.9951  73.4646 0001311 103.2299 286.6310 15.05602722 28934
STARLINK-1146           
1 45094U 20006BC  20214.25002315 -.00038262  00000-0 -26182-2 0  9991
2 45094  53.0046  73.4168 0001702  91.7005 226.2354 15.05618843  1762
STARLINK-1147           
1 45095U 20006BD  20214.25002315 -.00038105  00000-0 -26091-2 0  9997
2 45095  52.9991  73.4411 0001749  82.5589 217.3442 15.05593304  1760
STARLINK-1152           
1 45096U 20006BE  20214.25002315 -.00038627  00000-0 -26440-2 0  9995
2 45096  52.9931  73.4813 0001352  81.7242 254.1630 15.05613059  1755
STARLINK-1175           
1 45097U 20006BF  20214.25002315 -.00088149  00000-0 -32970-3 0  9996
2 45097  52.9994  29.0269 0002275  23.4310 296.3291 15.87252462 29658
STARLINK-1184           
1 45098U 20006BG  20214.25002315 -.00034844  00000-0 -23833-2 0  9997
2 45098  53.0004  73.4411 0001422  94.1600 331.7591 15.05590961 27132
STARLINK-1186           
1 45099U 20006BH  20214.25002315 -.00035960  00000-0 -24604-2 0  9995
2 45099  52.9997  73.4388 0001518  90.6799 155.1886 15.05594223 28930
STARLINK-1193           
1 45100U 20006BJ  20214.25002315 -.00033940  00000-0 -23196-2 0  9999
2 45100  53.0018  73.4393 0001327 103.4141 340.4966 15.05607798 28937
STARLINK-1194           
1 45101U 20006BK  20214.25002315 -.00033451  00000-0 -22863-2 0  9997
2 45101  53.0010  73.4425 0001585  89.7114  12.2135 15.05598488 28935
STARLINK-1195           
1 45102U 20006BL  20214.25002315 -.00038149  00000-0 -26112-2 0  9998
2 45102  52.9969  73.4638 0001448  90.2794 263.6400 15.05607552  1753
STARLINK-1196           
1 45103U 20006BM  20214.25002315 -.00034548  00000-0 -23623-2 0  9992
2 45103  53.0015  73.4395 0001370  87.0603 122.7871 15.05598280 28938
STARLINK-1138           
1 45178U 20012A   20214.25002315 -.00027604  00000-0 -18812-2 0  9990
2 45178  52.9992 233.4429 0000766  77.4765 205.3842 15.05610906 25751
STARLINK-1143           
1 45179U 20012B   20214.58335648 -.00029932  00000-0 -20432-2 0  9992
2 45179  52.9984 231.9530 0001237  91.1070 181.5155 15.05590617 25809
STARLINK-1192           
1 45180U 20012C   20214.58335648  .00004092  00000-0  29978-3 0  9997
2 45180  52.9979 231.9487 0000665  93.0535 233.5545 15.05585510 25804
STARLINK-1200           
1 45181U 20012D   20214.58335648 -.00033761  00000-0 -23081-2 0  9993
2 45181  52.9984 231.9444 0001160  84.7265 259.8534 15.05594002 25807
STARLINK-1201           
1 45182U 20012E   20214.58335648 -.00022979  00000-0 -15624-2 0  9997
2 45182  52.9993 211.9353 0001229  89.4709 149.1345 15.05595212 26093
STARLINK-1202           
1 45183U 20012F   20214.25002315 -.00031698  00000-0 -21642-2 0  9999
2 45183  52.9980 233.4421 0001119  91.1651  65.7050 15.05611609 25756
STARLINK-1205           
1 45184U 20012G   20214.50001157  .00026321  00000-0  18197-2 0  9997
2 45184  53.0001 212.3176 0001294  91.8205  18.8527 15.05563039 26046
STARLINK-1216           
1 45185U 20012H   20214.58335648  .00006985  00000-0  49815-3 0  9997
2 45185  52.9987 231.9484 0001054  93.1454 107.4199 15.05576204 25803
STARLINK-1224           
1 45186U 20012J   20214.58335648  .00009190  00000-0  64884-3 0  9992
2 45186  52.9990 231.9462 0000911  81.3729  29.1924 15.05593505 25808
STARLINK-1225           
1 45187U 20012K   20214.58335648 -.00046177  00000-0 -31687-2 0  9995
2 45187  52.9992 231.9449 0001353  94.3832 358.2319 15.05603356 25569
STARLINK-1228           
1 45188U 20012L   20214.58335648 -.00037073  00000-0 -25372-2 0  9995
2 45188  52.9945 191.9650 0001390  73.5455 167.2828 15.05599033 26029
STARLINK-1230           
1 45189U 20012M   20214.58335648  .00008890  00000-0  62858-3 0  9990
2 45189  52.9986 231.9465 0001153  92.0778 342.4589 15.05578952 25516
STARLINK-1234           
1 45190U 20012N   20214.25002315 -.00004121  00000-0 -26375-3 0  9997
2 45190  52.9988 193.4404 0001266  79.0340 190.1200 15.05587491 25987
STARLINK-1236           
1 45191U 20012P   20214.58335648  .00006988  00000-0  49828-3 0  9991
2 45191  52.9991 231.9439 0000790  91.9816 306.5424 15.05581156 25804
STARLINK-1237           
1 45192U 20012Q   20214.25002315 -.00030326  00000-0 -20705-2 0  9995
2 45192  53.0000 233.4410 0001203 106.8568  67.9570 15.05590562 25467
STARLINK-1239           
1 45193U 20012R   20214.25002315 -.00028056  00000-0 -19128-2 0  9990
2 45193  52.9989 233.4434 0001128  93.3449 135.5020 15.05603716 25460
STARLINK-1240           
1 45194U 20012S   20214.25002315 -.00028651  00000-0 -19538-2 0  9997
2 45194  53.0002 233.4405 0000522 101.1854 109.7513 15.05606414 25460
STARLINK-1241           
1 45195U 20012T   20214.25002315 -.00027463  00000-0 -18720-2 0  9990
2 45195  52.9986 233.4378 0001224 100.1960 146.6231 15.05598775 25463
STARLINK-1244           
1 45196U 20012U   20214.58335648  .00008751  00000-0  61920-3 0  9993
2 45196  52.9973 231.9490 0001139  94.6754 213.8457 15.05569091 25557
STARLINK-1269           
1 45197U 20012V   20214.25002315 -.00030379  00000-0 -20731-2 0  9997
2 45197  52.9989 233.4408 0001339 105.0523 249.7615 15.05609550 25496
STARLINK-1154           
1 45198U 20012W   20214.25002315 -.00026256  00000-0 -17895-2 0  9994
2 45198  52.9985 213.4431 0001267  92.6646 336.2938 15.05579745  1760
STARLINK-1197           
1 45199U 20012X   20214.25002315 -.00025979  00000-0 -17691-2 0  9990
2 45199  52.9991 213.4402 0001508  88.8453 322.1505 15.05605908 25746
STARLINK-1198           
1 45200U 20012Y   20214.58335648 -.00024571  00000-0 -16716-2 0  9991
2 45200  52.9967 211.9479 0001164  85.8693 314.7823 15.05611850 25798
STARLINK-1199           
1 45201U 20012Z   20214.25002315 -.00024478  00000-0 -16660-2 0  9992
2 45201  52.9992 213.4441 0001501  84.2816 290.6775 15.05592353 25747
STARLINK-1203           
1 45202U 20012AA  20214.28883523  .00000831  00000-0  75957-4 0  9995
2 45202  52.9829 233.1616 0000285  99.7465 260.3555 15.05696399 25496
STARLINK-1204           
1 45203U 20012AB  20214.25002315 -.00019531  00000-0 -13245-2 0  9994
2 45203  52.9969 213.4456 0001124 100.3390 166.6626 15.05594310 25716
STARLINK-1206           
1 45204U 20012AC  20214.58335648 -.00022030  00000-0 -14970-2 0  9993
2 45204  52.9996 211.9416 0001290  85.4646 135.2177 15.05591415 25791
STARLINK-1208           
1 45205U 20012AD  20214.25002315 -.00025933  00000-0 -17665-2 0  9999
2 45205  53.0001 213.4396 0001347  87.3001  17.6929 15.05594510 25757
STARLINK-1209           
1 45206U 20012AE  20214.25002315 -.00004009  00000-0 -25610-3 0  9991
2 45206  52.9994 193.4425 0001530  81.9825 169.0528 15.05583309 26005
STARLINK-1210           
1 45207U 20012AF  20214.25002315 -.00023393  00000-0 -15910-2 0  9990
2 45207  52.9988 213.4435 0001198  80.6056 276.3385 15.05594228 25740
STARLINK-1211           
1 45208U 20012AG  20214.58335648 -.00026767  00000-0 -18236-2 0  9997
2 45208  52.9970 211.9476 0001475  88.7104 239.9763 15.05604442 25791
STARLINK-1218           
1 45209U 20012AH  20214.25002315 -.00022512  00000-0 -15309-2 0  9996
2 45209  53.0003 213.4389 0001276  82.3649  94.6796 15.05576325  1765
STARLINK-1219           
1 45210U 20012AJ  20214.25002315 -.00022244  00000-0 -15118-2 0  9998
2 45210  52.9981 213.4409 0001309  91.4892 247.4415 15.05591537 25743
STARLINK-1231           
1 45212U 20012AL  20214.58335648 -.00019600  00000-0 -13297-2 0  9992
2 45212  52.9981 211.9430 0001304  89.2604  59.4264 15.05580134 25804
STARLINK-1232           
1 45213U 20012AM  20214.58335648  .00019539  00000-0  13572-2 0  9998
2 45213  52.9988 211.9471 0001178  76.5754  54.0951 15.05559168 25796
STARLINK-1233           
1 45214U 20012AN  20214.58335648 -.00025811  00000-0 -17572-2 0  9995
2 45214  52.9980 211.9490 0001269  81.6531 211.0165 15.05611909 25795
STARLINK-1245           
1 45215U 20012AP  20214.25002315 -.00020428  00000-0 -13863-2 0  9990
2 45215  52.9970 213.4430 0000958  85.7381 217.3373 15.05596619 25732
STARLINK-1254           
1 45216U 20012AQ  20214.58335648 -.00019750  00000-0 -13388-2 0  9993
2 45216  52.9996 211.9401 0001288  82.5076  84.1434 15.05616130 25790
STARLINK-1271           
1 45217U 20012AR  20214.25002315 -.00026254  00000-0 -17885-2 0  9993
2 45217  52.9980 213.4388 0000903  90.9154 356.0996 15.05598289 25741
STARLINK-1105           
1 45218U 20012AS  20214.58335648 -.00036334  00000-0 -24850-2 0  9998
2 45218  53.0010 191.9381 0001362  91.6206 113.2642 15.05614329 26079
STARLINK-1187           
1 45219U 20012AT  20214.25002315 -.00011993  00000-0 -80501-3 0  9995
2 45219  52.9997 193.4411 0001385  95.9066 299.2545 15.05593389 26012
STARLINK-1188           
1 45220U 20012AU  20214.25002315 -.00008908  00000-0 -59288-3 0  9997
2 45220  53.0005 193.4355 0001317  87.0905 271.9596 15.05586046 26028
STARLINK-1189           
1 45221U 20012AV  20214.25002315 -.00010996  00000-0 -73667-3 0  9995
2 45221  53.0004 193.4361 0001608  64.9304 312.1713 15.05579825 26021
STARLINK-1191           
1 45222U 20012AW  20214.25002315 -.00008253  00000-0 -54806-3 0  9993
2 45222  53.0004 193.4394 0001553  72.5197 268.6701 15.05567990 26024
STARLINK-1212           
1 45223U 20012AX  20214.25002315 -.00045657  00000-0 -31321-2 0  9999
2 45223  53.0003 193.4357 0001558  77.8122 137.3676 15.05608852 26020
STARLINK-1214           
1 45224U 20012AY  20214.58335648 -.00038103  00000-0 -26070-2 0  9997
2 45224  52.9942 191.9705 0001579  73.3386 221.4610 15.05621380 26087
STARLINK-1215           
1 45225U 20012AZ  20214.25002315 -.00011506  00000-0 -77199-3 0  9991
2 45225  52.9998 193.4338 0001501  79.8836  45.3119 15.05568873  1755
STARLINK-1217           
1 45226U 20012BA  20214.25002315 -.00013019  00000-0 -87567-3 0  9993
2 45226  52.9995 193.4353 0001574  84.9730   4.1690 15.05591215 25995
STARLINK-1221           
1 45227U 20012BB  20214.25002315 -.00007001  00000-0 -46159-3 0  9990
2 45227  53.0000 193.4409 0001637  68.2647 254.8240 15.05594385 25995
STARLINK-1222           
1 45228U 20012BC  20214.25002315 -.00005629  00000-0 -36738-3 0  9997
2 45228  52.9995 193.4442 0001473  81.0438 224.0320 15.05585109 26020
STARLINK-1226           
1 45229U 20012BD  20214.58335648 -.00032805  00000-0 -22419-2 0  9998
2 45229  53.0018 191.9378 0001476  78.3215  72.5330 15.05593960 26071
STARLINK-1227           
1 45230U 20012BE  20214.25002315 -.00008823  00000-0 -58728-3 0  9992
2 45230  53.0002 193.4346 0001588  67.3476  93.8325 15.05569739 26021
STARLINK-1229           
1 45231U 20012BF  20214.25002315 -.00013081  00000-0 -88000-3 0  9991
2 45231  53.0017 193.4347 0001342  77.3387 353.7941 15.05591427 26020
STARLINK-1235           
1 45232U 20012BG  20214.25002315 -.00061803  00000-0 -42536-2 0  9990
2 45232  53.0033 193.4524 0001396  86.6936  20.3953 15.05631936 26006
STARLINK-1238           
1 45233U 20012BH  20214.25002315 -.00019563  00000-0 -13269-2 0  9998
2 45233  52.9964 213.4582 0001117  91.8503 157.1158 15.05588601 25740
STARLINK-1243           
1 45234U 20012BJ  20214.25002315 -.00032945  00000-0 -22523-2 0  9991
2 45234  52.9987 233.4414 0001012  98.3110 310.5473 15.05582711 25495
STARLINK-1246           
1 45235U 20012BK  20214.58335648  .00009242  00000-0  65264-3 0  9998
2 45235  52.9987 231.9447 0001120  84.7236  43.7914 15.05579410 25546
STARLINK-1247           
1 45236U 20012BL  20214.25002315 -.00007352  00000-0 -48606-3 0  9998
2 45236  53.0009 193.4352 0001592  80.9449  98.2661 15.05568555  1768
STARLINK-1270           
1 45237U 20012BM  20214.58335648  .00015155  00000-0  10574-2 0  9993
2 45237  53.0012 191.9373 0001362  81.1397 339.6293 15.05568564 26073
STARLINK-1279           
1 45360U 20019A   20214.58335648 -.00018517  00000-0 -12546-2 0  9995
2 45360  52.9805 322.0497 0001317  84.7075 331.2241 15.05592234 21756
STARLINK-1301           
1 45361U 20019B   20214.58335648 -.00021515  00000-0 -14614-2 0  9996
2 45361  53.0042 331.9261 0000965 105.8560 246.0600 15.05594669 21613
STARLINK-1306           
1 45362U 20019C   20214.25002315  .00037329  00000-0  25695-2 0  9992
2 45362  52.9925 353.4817 0001545 109.1767 106.8438 15.05552550  1768
STARLINK-1311           
1 45363U 20019D   20214.50110934  .00069900  00000-0  36393-3 0  9996
2 45363  52.9913 300.9894 0003182 337.0653  23.0225 15.80311016 22044
STARLINK-1313           
1 45364U 20019E   20214.25002315  .00034920  00000-0  24056-2 0  9998
2 45364  52.9861 323.5099 0001452  92.5778 333.7280 15.05554525 21709
STARLINK-1317           
1 45365U 20019F   20214.25002315  .00040211  00000-0  27649-2 0  9990
2 45365  52.9990 333.4455 0001367 114.0798 320.0497 15.05557929  1760
STARLINK-1262           
1 45366U 20019G   20214.25002315  .00041104  00000-0  28251-2 0  9993
2 45366  53.0001 353.4405 0001214 124.8500 163.1723 15.05563274  1762
STARLINK-1273           
1 45367U 20019H   20214.25002315  .00036678  00000-0  25247-2 0  9996
2 45367  53.0006 353.4412 0001529 118.6774  61.3326 15.05560361 21291
STARLINK-1276           
1 45368U 20019J   20214.58335648 -.00028498  00000-0 -19439-2 0  9990
2 45368  52.9990 351.9421 0001472 106.5062 225.2453 15.05592154 21341
STARLINK-1277           
1 45369U 20019K   20214.25002315  .00043125  00000-0  29623-2 0  9995
2 45369  52.9982 353.4399 0001288 120.4740 221.6225 15.05562189  1752
STARLINK-1281           
1 45370U 20019L   20214.25002315  .00042887  00000-0  29467-2 0  9997
2 45370  52.9979 353.4546 0001273 109.2972 286.6465 15.05554780  1766
STARLINK-1287           
1 45371U 20019M   20214.25002315  .00038130  00000-0  26227-2 0  9995
2 45371  53.0008 353.4435 0001266 118.3117 115.6906 15.05569708  1760
STARLINK-1288           
1 45372U 20019N   20214.25002315  .00036878  00000-0  25374-2 0  9995
2 45372  52.9994 353.4393 0001133 124.5060  37.5524 15.05574209  1765
STARLINK-1295           
1 45373U 20019P   20214.25002315  .00039111  00000-0  26900-2 0  9995
2 45373  53.0009 353.4406 0001285 116.4090 135.5977 15.05559952 21290
STARLINK-1300           
1 45374U 20019Q   20214.58335648 -.00029000  00000-0 -19794-2 0  9991
2 45374  53.0012 351.9473 0001360 105.9660 171.8346 15.05577868 21347
STARLINK-1302           
1 45375U 20019R   20214.58335648 -.00028348  00000-0 -19328-2 0  9999
2 45375  53.0011 351.9454 0001109 116.3507  89.4412 15.05606498 21343
STARLINK-1304           
1 45376U 20019S   20214.25002315  .00059420  00000-0  40657-2 0  9998
2 45376  52.9995 353.4419 0001305 119.2600 348.7480 15.05556125  1766
STARLINK-1305           
1 45377U 20019T   20214.58335648 -.00028685  00000-0 -19576-2 0  9990
2 45377  52.9997 351.9457 0001301 115.9039 197.9234 15.05577676 21340
STARLINK-1310           
1 45378U 20019U   20214.25002315  .00043411  00000-0  29817-2 0  9998
2 45378  53.0011 353.4394 0001338 121.6017 256.4255 15.05561713  1760
STARLINK-1319           
1 45379U 20019V   20214.25002315  .00043466  00000-0  29861-2 0  9998
2 45379  53.0008 353.4399 0001393 124.3061 235.7330 15.05553852 21303
STARLINK-1207           
1 45380U 20019W   20214.25002315  .00035867  00000-0  24690-2 0  9991
2 45380  53.0010 333.4380 0001707 134.8048 119.2784 15.05569250  1762
STARLINK-1258           
1 45381U 20019X   20214.58335648 -.00019572  00000-0 -13281-2 0  9997
2 45381  53.0014 331.9424 0001161 112.3133  95.6123 15.05571931 21618
STARLINK-1264           
1 45382U 20019Y   20214.58335648 -.00019612  00000-0 -13303-2 0  9998
2 45382  52.9997 331.9410 0001486 116.7214 199.1526 15.05586981 21438
STARLINK-1266           
1 45383U 20019Z   20214.25002315  .00034511  00000-0  23769-2 0  9995
2 45383  53.0015 333.4391 0001213 117.5504 118.6330 15.05568918  1769
STARLINK-1267           
1 45384U 20019AA  20214.25002315  .00038770  00000-0  26654-2 0  9993
2 45384  53.0001 333.4355 0001728 120.4847 169.6124 15.05579903 21573
STARLINK-1268           
1 45385U 20019AB  20214.25002315  .00057800  00000-0  53650-3 0  9996
2 45385  53.0000 308.4974 0002559  77.2702 112.1164 15.66907661 21923
STARLINK-1272           
1 45386U 20019AC  20214.25002315  .00037086  00000-0  25512-2 0  9996
2 45386  53.0101 333.3790 0001527 114.0147 158.0792 15.05579027  1766
STARLINK-1274           
1 45387U 20019AD  20214.25002315  .00034817  00000-0  28447-2 0  9996
2 45387  53.0005 330.7246 0001445 109.6524  15.5094 14.99087592  1760
STARLINK-1280           
1 45388U 20019AE  20214.58335648 -.00032117  00000-0 -21945-2 0  9990
2 45388  52.9982 351.9502 0001295 117.4654 340.2064 15.05589535 21340
STARLINK-1283           
1 45389U 20019AF  20214.25002315  .00039032  00000-0  26842-2 0  9999
2 45389  52.9987 333.4434 0001243 125.2613 326.8551 15.05565959 21570
STARLINK-1284           
1 45390U 20019AG  20214.25002315  .00033808  00000-0  23284-2 0  9993
2 45390  53.0012 333.4379 0001440 108.5636 109.5760 15.05579785 21568
STARLINK-1289           
1 45391U 20019AH  20214.25002315  .00034185  00000-0  23551-2 0  9990
2 45391  53.0017 333.4371 0001447  98.4099  47.7301 15.05562175 21292
STARLINK-1290           
1 45392U 20019AJ  20214.25002315  .00042136  00000-0  28947-2 0  9990
2 45392  52.9837 333.5225 0001562 127.2165 271.0651 15.05567979  1760
STARLINK-1291           
1 45393U 20019AK  20214.25002315 -.00008464  00000-0 -56225-3 0  9990
2 45393  53.0014 333.4372 0001448 117.6378 208.5614 15.05590927  1767
STARLINK-1292           
1 45394U 20019AL  20214.25002315  .00033764  00000-0  23266-2 0  9998
2 45394  53.0006 333.4395 0001208 106.8417  75.3733 15.05560442  1763
STARLINK-1297           
1 45395U 20019AM  20214.25002315  .00042482  00000-0  29202-2 0  9992
2 45395  53.0098 333.3935 0001383 111.6919 268.5061 15.05542933 21339
STARLINK-1303           
1 45396U 20019AN  20214.25002315  .00036378  00000-0  25034-2 0  9999
2 45396  53.0017 333.4409 0000984 105.7755  22.4216 15.05574818  1767
STARLINK-1307           
1 45397U 20019AP  20214.25002315  .00041511  00000-0  28530-2 0  9999
2 45397  52.9883 333.4991 0001408 131.2153 284.9675 15.05559285  1766
STARLINK-1312           
1 45398U 20019AQ  20214.25002315  .00037768  00000-0  25981-2 0  9996
2 45398  52.9997 333.4387 0001294 131.9013 338.2852 15.05570587 21329
STARLINK-1255           
1 45399U 20019AR  20214.25002315  .00036405  00000-0  25062-2 0  9994
2 45399  53.0022 323.4324 0001363  96.1775 240.0663 15.05559947 21524
STARLINK-1213           
1 45400U 20019AS  20214.58335648 -.00012390  00000-0 -83273-3 0  9999
2 45400  53.0012 321.9368 0001299  81.7012 190.1676 15.05577071 21492
STARLINK-1256           
1 45401U 20019AT  20214.25002315  .00032430  00000-0  22361-2 0  9991
2 45401  53.0020 323.4317 0001511 103.3930 178.8627 15.05556011 21513
STARLINK-1257           
1 45402U 20019AU  20214.58335648 -.00013902  00000-0 -93665-3 0  9997
2 45402  53.0025 321.9375 0001143 102.3438 205.6086 15.05586647 21560
STARLINK-1259           
1 45403U 20019AV  20214.58335648 -.00011792  00000-0 -79166-3 0  9993
2 45403  53.0024 321.9397 0001144 117.5169 118.3376 15.05572733 21567
STARLINK-1260           
1 45404U 20019AW  20214.58335648 -.00014080  00000-0 -94890-3 0  9998
2 45404  53.0004 321.9391 0001325  87.5664  76.3095 15.05586003 21473
STARLINK-1263           
1 45405U 20019AX  20214.25002315  .00029901  00000-0  20629-2 0  9999
2 45405  53.0003 323.4291 0001374 109.3843 136.8521 15.05575574 21427
STARLINK-1265           
1 45406U 20019AY  20214.58335648 -.00012475  00000-0 -83867-3 0  9998
2 45406  53.0006 321.9353 0001304 104.0806  95.8790 15.05572187 21471
STARLINK-1275           
1 45407U 20019AZ  20214.25002315  .00030947  00000-0  21355-2 0  9990
2 45407  52.9998 323.4381 0001399  98.9007  21.3720 15.05550289 21427
STARLINK-1278           
1 45408U 20019BA  20214.58335648 -.00032487  00000-0 -22202-2 0  9990
2 45408  52.9974 351.9611 0001286 114.8667 324.8548 15.05587992 21069
STARLINK-1282           
1 45409U 20019BB  20214.58335648 -.00018042  00000-0 -12218-2 0  9998
2 45409  52.9978 321.9433 0001185  82.1959   9.7365 15.05593259 21487
STARLINK-1285           
1 45410U 20019BC  20214.58335648 -.00012315  00000-0 -82751-3 0  9997
2 45410  53.0000 321.9339 0001133 105.2242 112.7155 15.05578500 21470
STARLINK-1293           
1 45411U 20019BD  20214.25002315 -.00019000  00000-0 -12876-2 0  9992
2 45411  53.0116 323.3776 0001415  94.1508 278.1138 15.05600102  1766
STARLINK-1296           
1 45412U 20019BE  20214.25002315 -.00027364  00000-0 -18650-2 0  9991
2 45412  53.0017 323.4311 0001319  93.8998  80.3908 15.05602029  1752
STARLINK-1298           
1 45413U 20019BF  20214.58335648 -.00018264  00000-0 -12371-2 0  9999
2 45413  53.0066 321.9093 0001266  88.1731 309.7407 15.05592924 21576
STARLINK-1309           
1 45414U 20019BG  20214.25002315  .00032282  00000-0  22249-2 0  9995
2 45414  52.9987 323.4396 0001173 104.0433 358.2758 15.05574979 21437
STARLINK-1316           
1 45415U 20019BH  20214.58335648 -.00015021  00000-0 -10136-2 0  9996
2 45415  53.0005 321.9350 0001254  89.3422 236.5539 15.05591564 21497
STARLINK-1318           
1 45416U 20019BJ  20214.58335648 -.00060890  00000-0 -41911-2 0  9996
2 45416  52.9998 321.9411 0001112 103.1317  42.8253 15.05622530 21484
STARLINK-1286           
1 45417U 20019BK  20214.25002315  .00037933  00000-0  26103-2 0  9999
2 45417  53.0008 353.4444 0001320 113.2019  12.8486 15.05555870 21293
STARLINK-1299           
1 45418U 20019BL  20214.51673915  .00000676  00000-0  76340-4 0  9993
2 45418  53.0038 352.4259 0001716 109.4722 250.6448 14.99176377 21076
STARLINK-1308           
1 45419U 20019BM  20214.25002315  .00037204  00000-0  25597-2 0  9998
2 45419  53.0082 353.3946 0000985 116.1370  27.8732 15.05571409  1756
STARLINK-1329           
1 45531U 20025A   20214.25002315  .00002493  00000-0  19021-3 0  9998
2 45531  52.9977 293.4422 0001252 112.8453 181.5811 15.05576750  1758
STARLINK-1338           
1 45532U 20025B   20214.25002315  .00001671  00000-0  13369-3 0  9995
2 45532  53.0076 293.3981 0001109 150.9534  71.3815 15.05607895  1759
STARLINK-1339           
1 45533U 20025C   20214.50001157 -.00018894  00000-0 -12814-2 0  9997
2 45533  52.9982 292.3195 0001436  94.5387 313.6619 15.05567795 16105
STARLINK-1341           
1 45534U 20025D   20214.50001157 -.00018507  00000-0 -12540-2 0  9995
2 45534  53.0001 292.3119 0001224  94.4306 349.7283 15.05589678 16102
STARLINK-1350           
1 45535U 20025E   20214.25002315  .00006666  00000-0  47622-3 0  9996
2 45535  53.0011 293.4430 0001329 104.7874 315.6548 15.05581748  1765
STARLINK-1352           
1 45536U 20025F   20214.25002315  .00006545  00000-0  46793-3 0  9991
2 45536  53.0001 293.4442 0001299 108.1293 294.3474 15.05580932  1762
STARLINK-1353           
1 45537U 20025G   20214.23826555  .00001427  00000-0  10163-3 0  9996
2 45537  53.0043 291.4838 0002794  99.6901 260.4405 15.11112885 16687
STARLINK-1362           
1 45538U 20025H   20214.25002315  .00002062  00000-0  16052-3 0  9998
2 45538  52.9993 293.4453 0001295 122.3503 154.0132 15.05613924  1752
STARLINK-1367           
1 45539U 20025J   20214.50001157 -.01080086  00000-0 -22139-1 0  9996
2 45539  52.9904 265.2570 0001311 103.5519 110.0932 15.48389431 16474
STARLINK-1368           
1 45540U 20025K   20214.25002315  .00006231  00000-0  44654-3 0  9992
2 45540  52.9999 293.4441 0001002 107.0100 277.4455 15.05571176  1768
STARLINK-1369           
1 45541U 20025L   20214.50001157 -.00049857  00000-0 -34228-2 0  9992
2 45541  53.0006 292.3251 0000984 117.3532 164.7971 15.05623333 16106
STARLINK-1371           
1 45542U 20025M   20214.25002315  .00002217  00000-0  17123-3 0  9995
2 45542  53.0045 293.4178 0001299 109.6424  76.8427 15.05593171 16064
STARLINK-1372           
1 45543U 20025N   20214.25002315  .00005023  00000-0  36340-3 0  9996
2 45543  52.9989 293.4410 0001345 117.7992 230.6548 15.05605295  1756
STARLINK-1373           
1 45544U 20025P   20214.50001157 -.00014227  00000-0 -95908-3 0  9991
2 45544  52.9942 292.3387 0001046 110.3693  63.7553 15.05586437 16092
STARLINK-1374           
1 45545U 20025Q   20214.25002315  .00003993  00000-0  29297-3 0  9995
2 45545  52.9987 293.4383 0000914 129.4797  20.9313 15.05590032 16072
STARLINK-1375           
1 45546U 20025R   20214.50001157 -.00016857  00000-0 -11396-2 0  9992
2 45546  52.9999 292.3193 0001196  96.8559 257.2793 15.05608493 16101
STARLINK-1377           
1 45547U 20025S   20214.25002315 -.00014529  00000-0 -97984-3 0  9994
2 45547  52.9995 293.4363 0001337 106.9965   7.4389 15.05585589  1762
STARLINK-1378           
1 45548U 20025T   20214.25002315  .00004206  00000-0  30751-3 0  9993
2 45548  53.0008 293.4440 0001361 113.2879 217.1233 15.05600999  1758
STARLINK-1379           
1 45549U 20025U   20214.50001157 -.00012529  00000-0 -84187-3 0  9996
2 45549  52.9998 292.3211 0000806 103.1200 125.0750 15.05597298 16101
STARLINK-1390           
1 45550U 20025V   20214.25002315  .00001634  00000-0  13122-3 0  9991
2 45550  52.9953 293.4658 0001508 113.8333 126.5494 15.05608830  1768
STARLINK-1294           
1 45551U 20025W   20214.25002315 -.00018034  00000-0 -12212-2 0  9994
2 45551  52.9849 273.5283 0001361  78.6382 181.8793 15.05593325  1763
STARLINK-1322           
1 45552U 20025X   20214.25002315 -.00018207  00000-0 -12332-2 0  9990
2 45552  52.9942 273.4750 0001370  76.2809 202.3097 15.05591510  1764
STARLINK-1323           
1 45553U 20025Y   20214.25002315 -.00018179  00000-0 -12306-2 0  9990
2 45553  53.0026 273.4296 0001262  79.8069 126.7169 15.05611894  1769
STARLINK-1325           
1 45554U 20025Z   20214.25002315 -.00018089  00000-0 -12255-2 0  9994
2 45554  52.9816 273.5368 0001507  81.9539 160.6674 15.05578305  1761
STARLINK-1327           
1 45555U 20025AA  20214.50001157  .00003374  00000-0  25068-3 0  9992
2 45555  53.0015 272.3100 0001612  76.3937 297.9322 15.05575414 16378
STARLINK-1334           
1 45556U 20025AB  20214.25002315 -.00018473  00000-0 -12516-2 0  9993
2 45556  53.0085 273.3917 0001009  92.9893 131.5717 15.05591481  1757
STARLINK-1336           
1 45557U 20025AC  20214.25002315 -.00018398  00000-0 -12464-2 0  9992
2 45557  53.0000 273.4309 0001185  83.9238 104.6227 15.05592306 16344
STARLINK-1342           
1 45558U 20025AD  20214.50001157 -.00000001  00000-0  19116-4 0  9998
2 45558  52.9996 272.3351 0001523  62.3180 203.9759 15.05582186 16376
STARLINK-1344           
1 45559U 20025AE  20214.25002315 -.00018350  00000-0 -12428-2 0  9992
2 45559  53.0011 273.4314 0001186  74.9489  95.6378 15.05600558  1757
STARLINK-1346           
1 45560U 20025AF  20214.25002315 -.00023536  00000-0 -53239-3 0  9992
2 45560  52.9980 267.2290 0005028 284.5729  45.6392 15.42174971  1769
STARLINK-1348           
1 45561U 20025AG  20214.44688403  .00007589  00000-0  10248-3 0  9993
2 45561  52.9978 265.5185 0007645 289.1869  70.8315 15.58882322 16465
STARLINK-1354           
1 45562U 20025AH  20214.25002315 -.00017940  00000-0 -12143-2 0  9994
2 45562  53.0010 273.4307 0001399 104.2399  30.2865 15.05607622  1750
STARLINK-1355           
1 45563U 20025AJ  20214.50001157  .00000538  00000-0  60545-4 0  9990
2 45563  52.9942 271.1626 0001396  89.8744 137.4589 15.02327247 16399
STARLINK-1356           
1 45564U 20025AK  20214.25002315 -.00018310  00000-0 -12403-2 0  9997
2 45564  53.0005 273.4305 0001426  90.1305 350.3892 15.05591667 16343
STARLINK-1357           
1 45565U 20025AL  20214.25002315 -.00050688  00000-0 -34832-2 0  9992
2 45565  53.0006 273.4294 0001254  86.4150  30.2542 15.05595164  1769
STARLINK-1358           
1 45566U 20025AM  20214.25002315 -.00018086  00000-0 -12242-2 0  9990
2 45566  53.0001 273.4296 0001860  80.5101 324.0808 15.05610162 16335
STARLINK-1361           
1 45567U 20025AN  20214.25002315 -.00017773  00000-0 -12034-2 0  9992
2 45567  52.9985 273.4406 0001566  77.3565 237.1887 15.05588711  1754
STARLINK-1363           
1 45568U 20025AP  20214.25002315 -.00018007  00000-0 -12197-2 0  9994
2 45568  53.0021 273.4302 0001424  73.9362 294.6467 15.05582430  1768
STARLINK-1366           
1 45569U 20025AQ  20214.25002315 -.00018170  00000-0 -12299-2 0  9999
2 45569  52.9989 273.4421 0001475  76.6835 219.8387 15.05614241 16338
STARLINK-1376           
1 45570U 20025AR  20214.25002315 -.00017910  00000-0 -12125-2 0  9990
2 45570  53.0016 273.4353 0001522  74.7456 257.8186 15.05597773 16337
STARLINK-1261           
1 45571U 20025AS  20214.50001157  .00014665  00000-0  34595-3 0  9990
2 45571  53.0011 265.9918 0001386  67.4153 229.5459 15.42143827 16468
STARLINK-1320           
1 45572U 20025AT  20214.50001157 -.01117806  00000-0 -26469-1 0  9994
2 45572  52.9985 265.5848 0001509  64.4750  86.1600 15.43870567 16477
STARLINK-1321           
1 45573U 20025AU  20214.50001157 -.01166312  00000-0 -25709-1 0  9997
2 45573  53.0000 265.5511 0001420  62.9057 112.9259 15.46068195 16477
STARLINK-1324           
1 45574U 20025AV  20214.50001157  .00014014  00000-0  33082-3 0  9991
2 45574  52.9991 265.9520 0001416  67.9832 238.9340 15.42164386 16464
STARLINK-1326           
1 45575U 20025AW  20214.25002315 -.00023755  00000-0 -53720-3 0  9996
2 45575  53.0013 267.2075 0001043  60.2846 267.9129 15.42206527  1767
STARLINK-1328           
1 45576U 20025AX  20214.25002315 -.01084449  00000-0 -22611-1 0  9998
2 45576  52.9994 266.6589 0001227  70.4275 193.4255 15.47917148  1766
STARLINK-1330           
1 45577U 20025AY  20214.25002315 -.01158918  00000-0 -25380-1 0  9998
2 45577  52.9962 266.7659 0001333  64.3235 141.8071 15.46239688  1776
STARLINK-1331           
1 45578U 20025AZ  20214.25002315 -.00032982  00000-0 -75103-3 0  9990
2 45578  52.9983 267.2516 0001342  67.6641 240.5893 15.42182415  1764
STARLINK-1332           
1 45579U 20025BA  20214.50001157  .00013114  00000-0  17867-3 0  9999
2 45579  52.9970 266.0089 0002705 346.4327 293.4587 15.57919264 16462
STARLINK-1333           
1 45580U 20025BB  20214.25002315 -.00048474  00000-0 -33279-2 0  9993
2 45580  53.0015 273.4310 0001542  78.6894  73.9162 15.05608710  1756
STARLINK-1335           
1 45581U 20025BC  20214.25002315 -.01168179  00000-0 -24553-1 0  9994
2 45581  52.9984 266.6825 0001330  62.3499 185.7634 15.47440535  1774
STARLINK-1337           
1 45582U 20025BD  20214.25002315 -.01165803  00000-0 -25749-1 0  9994
2 45582  52.9995 266.7884 0001427  62.0835 135.3875 15.46009442  1776
STARLINK-1340           
1 45583U 20025BE  20214.50001157 -.01166911  00000-0 -25275-1 0  9991
2 45583  53.0001 265.5205 0001483  56.9634 135.8503 15.46574427 16478
STARLINK-1343           
1 45584U 20025BF  20214.50001157 -.01078678  00000-0 -22771-1 0  9992
2 45584  52.9955 265.4415 0001381  60.8666 164.4847 15.47547140 16475
STARLINK-1345           
1 45585U 20025BG  20214.50001157 -.01166629  00000-0 -25450-1 0  9994
2 45585  52.9982 265.5190 0001411  64.9011 119.1822 15.46368717 16470
STARLINK-1347           
1 45586U 20025BH  20214.25002315 -.01085194  00000-0 -22820-1 0  9999
2 45586  52.9977 266.6705 0001264  74.7979 181.0201 15.47676297  1768
STARLINK-1349           
1 45587U 20025BJ  20214.25002315 -.00023169  00000-0 -52387-3 0  9996
2 45587  53.0008 267.2386 0001457  77.1548 241.1040 15.42194914  1766
STARLINK-1360           
1 45588U 20025BK  20214.50001157 -.01080637  00000-0 -22022-1 0  9993
2 45588  52.9980 265.4100 0001362  64.7755 155.5317 15.48555348 16472
STARLINK-1364           
1 45589U 20025BL  20214.50001157 -.01165407  00000-0 -26538-1 0  9999
2 45589  52.9951 265.6144 0001352  69.6503  70.8220 15.45124880 16477
STARLINK-1365           
1 45590U 20025BM  20214.25002315  .00001825  00000-0  14437-3 0  9997
2 45590  53.0053 293.4053 0001110 124.8215  79.5514 15.05580231  1757
STARLINK-1440           
1 45657U 20035A   20196.59974008  .38210219  12083-4  47903-3 0  9997
2 45657  53.0001 319.7129 0028054 181.2741 293.9291 16.46735707  7405
STARLINK-1441           
1 45658U 20035B   20214.25002315 -.00030738  00000-0 -20980-2 0  9999
2 45658  53.0019 253.4344 0001336  75.6993 295.0745 15.05608708  1761
STARLINK-1442           
1 45659U 20035C   20214.25002315 -.00028998  00000-0 -19777-2 0  9997
2 45659  53.0003 253.4342 0001449  66.6804 268.1094 15.05607751  9896
STARLINK-1443           
1 45660U 20035D   20214.25002315 -.00028538  00000-0 -19468-2 0  9996
2 45660  53.0011 253.4345 0001386  68.6723 248.0635 15.05590661  1758
STARLINK-1444           
1 45661U 20035E   20214.25002315 -.00030116  00000-0 -20563-2 0  9990
2 45661  52.9992 253.4320 0001428  74.2045 134.4690 15.05584051  1750
STARLINK-1445           
1 45662U 20035F   20214.25002315 -.00033038  00000-0 -22577-2 0  9994
2 45662  52.9954 253.4575 0001318 115.5720  21.0834 15.05598607  9939
STARLINK-1446           
1 45663U 20035G   20214.25002315 -.00033393  00000-0 -22824-2 0  9994
2 45663  52.9918 253.4814 0001390 102.4053  16.2798 15.05597357  1769
STARLINK-1447           
1 45664U 20035H   20214.50380960  .00023954  00000-0  31544-3 0  9998
2 45664  53.0007 244.2343 0002638  55.0756 305.0502 15.58342517 10042
STARLINK-1448           
1 45665U 20035J   20214.50001157  .00029289  00000-0  20203-2 0  9993
2 45665  53.0015 252.3140 0001512  66.9330 147.4013 15.05593091  9934
STARLINK-1449           
1 45666U 20035K   20214.25002315 -.00028342  00000-0 -19326-2 0  9998
2 45666  53.0007 253.4341 0001403  65.6036 215.0734 15.05602294  9892
STARLINK-1450           
1 45667U 20035L   20214.25002315 -.00028538  00000-0 -19473-2 0  9999
2 45667  53.0007 253.4333 0001372  71.7333 191.0418 15.05581068  9939
STARLINK-1451           
1 45668U 20035M   20214.25002315 -.00032522  00000-0 -22222-2 0  9994
2 45668  53.0002 253.4338 0001590  65.8703 340.8537 15.05594367  1762
STARLINK-1452           
1 45669U 20035N   20214.25002315 -.00031843  00000-0 -21748-2 0  9992
2 45669  52.9981 253.4422 0001184  96.4328  76.3053 15.05602473  1754
STARLINK-1453           
1 45670U 20035P   20214.50001157  .00050579  00000-0  55570-3 0  9991
2 45670  52.9995 241.4404 0001240  52.9303 199.4105 15.62709767 10089
STARLINK-1454           
1 45671U 20035Q   20214.25002315 -.00032505  00000-0 -22202-2 0  9997
2 45671  52.9997 253.4457 0001090 104.5149  50.2565 15.05609405  1751
STARLINK-1455           
1 45672U 20035R   20214.50001157  .00051122  00000-0  56093-3 0  9999
2 45672  52.9872 240.6405 0001869  50.1000 193.7483 15.62738147 10099
STARLINK-1456           
1 45673U 20035S   20214.25002315 -.00033487  00000-0 -22876-2 0  9996
2 45673  53.0045 253.4079 0006462 302.4978 140.1847 15.05598117  1766
STARLINK-1457           
1 45674U 20035T   20214.25002315  .00023517  00000-0  16295-2 0  9996
2 45674  53.0107 253.4461 0001638  74.7086 313.8713 15.05540698  1762
STARLINK-1458           
1 45675U 20035U   20214.25002315 -.00033405  00000-0 -22845-2 0  9994
2 45675  52.9859 253.5097 0001149 100.5226   0.1428 15.05576606  1769
STARLINK-1460           
1 45676U 20035V   20214.25002315 -.00028954  00000-0 -19748-2 0  9996
2 45676  53.0013 253.4348 0001508  69.7901 174.8502 15.05604837  9899
STARLINK-1392           
1 45677U 20035W   20214.50001157 -.00028875  00000-0 -19697-2 0  9993
2 45677  52.9992 252.3185 0001357 101.7425   4.7388 15.05598214  9930
STARLINK-1393           
1 45678U 20035X   20214.50001157 -.01078312  00000-0 -32544-1 0  9991
2 45678  52.9969 243.8594 0001310  74.5618  28.5044 15.36480357 10054
STARLINK-1394           
1 45679U 20035Y   20214.25002315 -.01012912  00000-0 -30080-1 0  9998
2 45679  52.9967 245.0424 0001404  78.2421  72.2493 15.36812983 10010
STARLINK-1395           
1 45680U 20035Z   20214.50001157 -.01066553  00000-0 -42204-1 0  9992
2 45680  52.9977 243.1493 0001247  74.5814 332.8682 15.27866063 10055
STARLINK-1396           
1 45681U 20035AA  20214.50001157 -.01077888  00000-0 -32935-1 0  9996
2 45681  52.9973 243.9060 0001283  74.1928  10.8666 15.36098658 10043
STARLINK-1397           
1 45682U 20035AB  20214.50001157 -.01077350  00000-0 -33308-1 0  9996
2 45682  52.9964 243.9227 0001235  76.2192 350.5890 15.35733674 10048
STARLINK-1399           
1 45683U 20035AC  20214.50001157 -.01078766  00000-0 -32174-1 0  9999
2 45683  52.9969 243.8363 0001326  75.9752  44.9541 15.36846440 10058
STARLINK-1401           
1 45684U 20035AD  20214.25002315 -.01112876  00000-0 -31158-1 0  9991
2 45684  52.9979 245.1326 0001371  79.2315 133.8942 15.38862555 10012
STARLINK-1402           
1 45685U 20035AE  20214.25002315 -.01107741  00000-0 -30807-1 0  9997
2 45685  52.9975 245.1084 0001423  79.0672 142.2924 15.39052780 10018
STARLINK-1404           
1 45686U 20035AF  20214.25002315 -.01103369  00000-0 -30302-1 0  9990
2 45686  52.9969 245.0904 0001227  75.5484 162.1585 15.39423892 10016
STARLINK-1406           
1 45687U 20035AG  20214.25002315  .00272396  00000-0  61483-2 0  9990
2 45687  52.9970 243.8744 0001320  79.9614 297.7996 15.41668908  1770
STARLINK-1408           
1 45688U 20035AH  20214.25002315 -.01046785  00000-0 -41357-1 0  9992
2 45688  52.9956 244.3709 0001186  84.6984 352.5952 15.27863566 10015
STARLINK-1413           
1 45689U 20035AJ  20214.50001157 -.01080059  00000-0 -31137-1 0  9991
2 45689  52.9972 243.9173 0001345  75.8805  65.6656 15.37890461 10057
STARLINK-1414           
1 45690U 20035AK  20214.50001157 -.01077248  00000-0 -33509-1 0  9994
2 45690  52.9967 243.9363 0001401  53.9473   3.5293 15.35542839 10043
STARLINK-1415           
1 45691U 20035AL  20214.58335648 -.01066536  00000-0 -34392-1 0  9997
2 45691  52.9972 243.1130 0001388  65.2153  46.3753 15.34394555 10460
STARLINK-1416           
1 45692U 20035AM  20214.25002315 -.01080216  00000-0 -29257-1 0  9999
2 45692  52.9980 245.0723 0001399  55.2255 198.5579 15.39785231 10010
STARLINK-1417           
1 45693U 20035AN  20214.25002315 -.01117422  00000-0 -31479-1 0  9999
2 45693  52.9974 245.1058 0001302  78.0933 126.7287 15.38686905 10012
STARLINK-1419           
1 45694U 20035AP  20214.25002315 -.01086880  00000-0 -30961-1 0  9998
2 45694  52.9976 245.0740 0000270 293.5650 254.5236 15.38279147 10015
STARLINK-1420           
1 45695U 20035AQ  20214.50001157  .00049159  00000-0  53944-3 0  9993
2 45695  52.9999 242.9309 0001500  54.9044 200.2247 15.62753077 10062
STARLINK-1422           
1 45696U 20035AR  20214.50001157 -.01079394  00000-0 -31494-1 0  9995
2 45696  52.9971 243.8797 0001339  74.1693  50.1715 15.37521348 10055
STARLINK-1351           
1 45697U 20035AS  20214.50001157  .00049445  00000-0  54319-3 0  9990
2 45697  52.9992 242.9635 0001405  55.1205 184.8726 15.62721950 10069
STARLINK-1370           
1 45698U 20035AT  20214.25002315 -.00024957  00000-0 -26718-3 0  9995
2 45698  52.9977 244.1631 0001190  56.7091 219.8952 15.62788459 10027
STARLINK-1398           
1 45699U 20035AU  20214.25002315 -.00024165  00000-0 -25905-3 0  9994
2 45699  52.9997 244.1675 0001249  47.6841 234.0160 15.62733942 10066
STARLINK-1400           
1 45700U 20035AV  20214.25002315 -.00024676  00000-0 -26442-3 0  9991
2 45700  53.0002 244.1494 0001204  53.6483 229.2369 15.62756953 10027
STARLINK-1403           
1 45701U 20035AW  20214.25002315 -.00024211  00000-0 -25939-3 0  9997
2 45701  53.0001 244.1830 0001494  48.7464 222.7180 15.62748867 10020
STARLINK-1405           
1 45702U 20035AX  20214.25002315  .00000590  00000-0  91142-5 0  9991
2 45702  52.9916 233.0279 0002253 359.6529 250.4344 15.71647893  1777
STARLINK-1407           
1 45703U 20035AY  20214.25002315 -.00045492  00000-0 -49274-3 0  9991
2 45703  53.0001 244.1637 0001525  60.5398 219.8935 15.62804654 10022
STARLINK-1409           
1 45704U 20035AZ  20214.25002315 -.00029908  00000-0 -20406-2 0  9991
2 45704  52.9999 253.4341 0001601  70.0766 282.6249 15.05607936  1759
STARLINK-1410           
1 45705U 20035BA  20214.50001157  .00026215  00000-0  18115-2 0  9993
2 45705  53.0019 252.3144 0001384  73.2996  69.0635 15.05583944  9938
STARLINK-1411           
1 45706U 20035BB  20214.25002315 -.00023638  00000-0 -25286-3 0  9999
2 45706  52.9980 244.2067 0001426  58.3531 202.9651 15.62772272 10029
STARLINK-1412           
1 45707U 20035BC  20214.25002315 -.00023523  00000-0 -25122-3 0  9992
2 45707  52.9980 244.2031 0002007  71.7734 191.3547 15.62808751  1770
STARLINK-1418           
1 45708U 20035BD  20214.50001157  .00049233  00000-0  54129-3 0  9997
2 45708  52.9998 242.9617 0001090  22.4920 218.7039 15.62703385 10065
STARLINK-1421           
1 45709U 20035BE  20214.25002315 -.00026025  00000-0 -27953-3 0  9998
2 45709  53.0001 244.1486 0001268  19.5400 265.8687 15.62731259 10027
STARLINK-1423           
1 45710U 20035BF  20214.25002315 -.00025145  00000-0 -26938-3 0  9994
2 45710  52.9978 244.1465 0001424  59.0770 227.6460 15.62774350 10024
STARLINK-1433           
1 45711U 20035BG  20214.25002315 -.00023700  00000-0 -25371-3 0  9990
2 45711  52.9999 244.1882 0001674  63.6153 205.2753 15.62754876  1774
STARLINK-1434           
1 45712U 20035BH  20214.50001157  .00051112  00000-0  55941-3 0  9994
2 45712  52.9861 241.4153 0008916 344.7616 253.4659 15.62759782 10082
STARLINK-1436           
1 45713U 20035BJ  20214.50001157 -.01079613  00000-0 -31467-1 0  9999
2 45713  52.9995 243.9043 0001330  68.6754  35.6630 15.37554479 10058
STARLINK-1437           
1 45714U 20035BK  20214.25002315 -.00023694  00000-0 -25390-3 0  9996
2 45714  53.0000 244.1915 0001232  45.4541 219.7143 15.62730656  1771
STARLINK-1438           
1 45715U 20035BL  20214.25002315 -.00020191  00000-0 -13965-3 0  9991
2 45715  52.9984 241.9610 0001533  65.0796 217.5017 15.73215430 10059
STARLINK-1439           
1 45716U 20035BM  20214.50001157  .00049579  00000-0  54328-3 0  9990
2 45716  52.9990 239.1531 0008301 325.6351 317.4418 15.62748898 10513
FALCON 9 DEB            
1 45717U 20035BN  20191.80714974  .04529347  12259-4  33627-3 0  9998
2 45717  52.9870 344.2185 0014059 221.2222 138.7763 16.39439560  5765
FALCON 9 DEB            
1 45718U 20035BP  20191.29761494  .09091939  12490-4  15634-3 0  9992
2 45718  52.9857 346.7321 0009510 241.8544 118.1544 16.47190230  5688
FALCON 9 DEB            
1 45719U 20035BQ  20189.91479013  .12264177  12578-4  11022-3 0  9996
2 45719  52.9883 353.7782 0009890 236.1021 123.9090 16.50958719  5469
FALCON 9 DEB            
1 45720U 20035BR  20192.88828383  .05016675  12303-4  26384-3 0  9999
2 45720  52.9940 338.0980 0013372 227.3930 132.5989 16.41383174  5945
STARLINK-1461           
1 45730U 20038A   20214.25002315 -.01065194  00000-0 -73492-1 0  9993
2 45730  53.0054  63.3935 0001415  74.6083 157.8464 15.08229772  8888
STARLINK-1465           
1 45731U 20038B   20214.25002315 -.01076811  00000-0 -75728-1 0  9996
2 45731  53.0029  63.4621 0001399  77.0518  85.7760 15.07563093  1769
STARLINK-1466           
1 45732U 20038C   20214.25002315 -.01111570  00000-0 -77296-1 0  9991
2 45732  53.0032  63.4061 0001486  68.7455 146.4482 15.08067817  1755
STARLINK-1467           
1 45733U 20038D   20214.50001157 -.01051419  00000-0 -74298-1 0  9997
2 45733  52.9995  61.3662 0001539  64.0704 158.2306 15.07318137  8937
STARLINK-1468           
1 45734U 20038E   20214.25002315 -.00038122  00000-0 -26112-2 0  9995
2 45734  52.9849  63.5397 0001477 104.8586 169.2861 15.05580884  1756
STARLINK-1471           
1 45735U 20038F   20214.50001157 -.00075941  00000-0 -52418-2 0  9995
2 45735  52.9990  62.3419 0001420  90.5501 261.0498 15.05629963  8916
STARLINK-1472           
1 45736U 20038G   20214.25002315 -.01065658  00000-0 -74156-1 0  9992
2 45736  53.0032  63.4374 0001480  68.3456 129.2883 15.07918509  1753
STARLINK-1473           
1 45737U 20038H   20214.25002315 -.00028855  00000-0 -20164-3 0  9992
2 45737  53.0046  55.2927 0001097  67.4249 149.2062 15.73222107  1774
STARLINK-1474           
1 45738U 20038J   20214.25002315 -.01011073  00000-0 -71164-1 0  9992
2 45738  53.0023  63.4600 0001447  70.7381  74.5873 15.07355150  1763
STARLINK-1475           
1 45739U 20038K   20214.50001157 -.00086576  00000-0 -95351-3 0  9999
2 45739  53.0002  56.3139 0001435  63.7619  98.1363 15.62651534  8840
STARLINK-1479           
1 45740U 20038L   20214.50001157 -.00248715  00000-0 -17577-1 0  9998
2 45740  53.0032  62.3414 0001420  96.0760 273.4603 15.05749212  8919
STARLINK-1480           
1 45741U 20038M   20214.50001157 -.01126092  00000-0 -78766-1 0  9990
2 45741  53.0052  62.2274 0001549  66.0754 101.4941 15.07892905  8912
STARLINK-1481           
1 45742U 20038N   20214.25002315 -.00038298  00000-0 -26241-2 0  9991
2 45742  52.9966  63.4690 0001337  91.1757 218.8607 15.05571910  1752
STARLINK-1483           
1 45743U 20038P   20214.25002315 -.01082368  00000-0 -76815-1 0  9991
2 45743  53.0054  63.4616 0001431  96.9511  30.7904 15.07244819  1766
STARLINK-1500           
1 45744U 20038Q   20214.25002315 -.00053278  00000-0 -36632-2 0  9993
2 45744  53.0017  63.4424 0001394  95.8478 268.1800 15.05597417  1766
STARLINK-1503           
1 45745U 20038R   20214.50001157 -.00004257  00000-0 -27313-3 0  9995
2 45745  52.9988  62.3448 0001384  92.5322 241.0898 15.05584613  8721
STARLINK-1504           
1 45746U 20038S   20214.25002315 -.00044825  00000-0 -30741-2 0  9998
2 45746  52.9998  63.4434 0001472  92.1914 253.8813 15.05611989  8681
STARLINK-1506           
1 45747U 20038T   20214.25002315 -.00038154  00000-0 -26122-2 0  9995
2 45747  53.0007  63.4462 0001110  74.1703 253.8250 15.05599468  8683
STARLINK-1507           
1 45748U 20038U   20214.50001157 -.00000410  00000-0 -89610-5 0  9995
2 45748  52.9971  62.3458 0001398 101.3711 214.2519 15.05582156  8725
STARLINK-1516           
1 45749U 20038V   20214.25002315 -.00033956  00000-0 -36160-3 0  9996
2 45749  53.0007  57.4806 0001638  96.0548 117.7215 15.63096483  1770
STARLINK-1391           
1 45750U 20038W   20214.25002315 -.00044967  00000-0 -48787-3 0  9990
2 45750  53.0001  56.7868 0001682  42.6248 151.2118 15.62756177  1776
STARLINK-1464           
1 45751U 20038X   20214.25002315 -.00023888  00000-0 -25556-3 0  9999
2 45751  53.0001  56.7846 0001529  52.7637 143.5848 15.62776498  1779
STARLINK-1469           
1 45752U 20038Y   20214.50001157 -.00080414  00000-0 -87986-3 0  9994
2 45752  52.9993  55.5714 0001464  58.8666  99.6707 15.62787080  9004
STARLINK-1476           
1 45753U 20038Z   20214.25002315 -.00023571  00000-0 -25239-3 0  9998
2 45753  53.0003  56.7958 0001456  27.8977 160.7798 15.62746083  1778
STARLINK-1477           
1 45754U 20038AA  20214.25002315 -.00023451  00000-0 -25078-3 0  9997
2 45754  53.0003  56.8050 0001609  39.0915 147.0745 15.62774867  1771
STARLINK-1478           
1 45755U 20038AB  20214.50001157  .00050547  00000-0  55552-3 0  9993
2 45755  52.9992  55.5021 0001586  49.7244 139.3743 15.62701938  9003
STARLINK-1484           
1 45756U 20038AC  20214.25002315 -.00023036  00000-0 -24620-3 0  9990
2 45756  53.0004  56.8220 0001610  35.6240 140.3704 15.62777010  1772
STARLINK-1486           
1 45757U 20038AD  20214.25002315 -.00043633  00000-0 -47315-3 0  9992
2 45757  52.9997  56.7508 0001584  47.4879 164.1534 15.62756223  1777
STARLINK-1487           
1 45758U 20038AE  20214.25002315 -.00024212  00000-0 -25924-3 0  9997
2 45758  52.9995  56.7439 0001310  47.7385 168.9285 15.62765157  1772
STARLINK-1493           
1 45759U 20038AF  20214.25002315 -.00021976  00000-0 -23458-3 0  9992
2 45759  53.0003  56.8164 0001445  42.7766 138.3051 15.62777483  8783
STARLINK-1494           
1 45760U 20038AG  20214.25002315 -.00023292  00000-0 -24925-3 0  9997
2 45760  53.0004  56.8162 0001712  40.2832 138.2252 15.62752275  1774
STARLINK-1495           
1 45761U 20038AH  20214.50001157  .00139032  00000-0  15039-2 0  9992
2 45761  52.9998  55.5470 0001511  48.9330 127.3553 15.62657745  8820
STARLINK-1499           
1 45762U 20038AJ  20214.25002315 -.00024096  00000-0 -25813-3 0  9999
2 45762  53.0000  56.7801 0001500  55.1402 143.7331 15.62748824  1778
STARLINK-1501           
1 45763U 20038AK  20214.50001157 -.00179871  00000-0 -19985-2 0  9995
2 45763  53.0001  55.5540 0001444  62.5562 111.1960 15.62800399  8829
STARLINK-1502           
1 45764U 20038AL  20214.25002315 -.00044211  00000-0 -47889-3 0  9999
2 45764  52.9999  56.7666 0001261  63.8693 140.1347 15.62791209  8787
STARLINK-1508           
1 45765U 20038AM  20214.50001157 -.00064123  00000-0 -69893-3 0  9994
2 45765  52.9998  55.5484 0001311  64.5210 104.1926 15.62790861  8822
STARLINK-1509           
1 45766U 20038AN  20214.50001157 -.00055092  00000-0 -59956-3 0  9999
2 45766  52.9994  55.5206 0001541  42.2285 139.2258 15.62766361  8826
STARLINK-1511           
1 45767U 20038AP  20214.25002315 -.00024365  00000-0 -26087-3 0  9997
2 45767  52.9993  56.7330 0001280  44.4978 174.7210 15.62769782  1779
STARLINK-1521           
1 45768U 20038AQ  20214.25002315 -.00022974  00000-0 -24545-3 0  9999
2 45768  53.0006  56.8089 0001658  41.7817 141.8196 15.62784361  1778
STARLINK-1459           
1 45769U 20038AR  20214.50001157 -.00000525  00000-0 -16829-4 0  9996
2 45769  52.9967  62.3734 0001379  95.0125 202.6105 15.05582175  8911
STARLINK-1462           
1 45770U 20038AS  20214.25002315 -.00022978  00000-0 -24556-3 0  9998
2 45770  53.0005  56.8207 0001695  43.1182 136.6909 15.62777756  1778
STARLINK-1463           
1 45771U 20038AT  20214.50001157  .00048597  00000-0  53401-3 0  9994
2 45771  53.0003  55.5833 0001242  43.4457 108.7244 15.62723015  9009
STARLINK-1470           
1 45772U 20038AU  20214.50001157 -.00256725  00000-0 -28766-2 0  9996
2 45772  53.0004  55.5751 0001479  46.7951 112.9928 15.62846303  9009
STARLINK-1482           
1 45773U 20038AV  20214.25002315 -.00022592  00000-0 -24127-3 0  9997
2 45773  53.0002  56.7779 0001909  42.5148 155.1156 15.62782103  1776
STARLINK-1485           
1 45774U 20038AW  20214.50001157  .00050089  00000-0  54993-3 0  9993
2 45774  52.9996  55.5035 0001018  38.5090 149.3015 15.62732100  9006
STARLINK-1488           
1 45775U 20038AX  20214.50001157  .00004135  00000-0  50949-4 0  9993
2 45775  52.9997  55.5273 0001319  67.4697 117.7303 15.62765935  8853
STARLINK-1489           
1 45776U 20038AY  20214.50001157 -.00048591  00000-0 -52765-3 0  9997
2 45776  52.9998  55.5293 0001503  54.8241 122.7879 15.62768637  9001
STARLINK-1490           
1 45777U 20038AZ  20214.50001157  .00049928  00000-0  54850-3 0  9998
2 45777  52.9997  55.5197 0001418  58.8324 121.3325 15.62717414  9014
STARLINK-1491           
1 45778U 20038BA  20214.50001157  .00048742  00000-0  53557-3 0  9995
2 45778  53.0005  55.6005 0001266  44.4865 100.0574 15.62723204  9001
STARLINK-1492           
1 45779U 20038BB  20214.25002315 -.00022874  00000-0 -24458-3 0  9993
2 45779  53.0006  56.8128 0001548  48.6167 133.7738 15.62761188  1770
STARLINK-1496           
1 45780U 20038BC  20214.50001157  .00050465  00000-0  55443-3 0  9999
2 45780  52.9995  55.5076 0001481  40.7508 149.6036 15.62711265  8824
STARLINK-1497           
1 45781U 20038BD  20214.50001157  .00050889  00000-0  55852-3 0  9994
2 45781  53.0001  55.5485 0001035  67.7602 102.1901 15.62733985  8826
STARLINK-1498           
1 45782U 20038BE  20214.50001157  .00049472  00000-0  54360-3 0  9994
2 45782  52.9999  55.5281 0001315  45.5926 129.4704 15.62716339  8826
STARLINK-1505           
1 45783U 20038BF  20214.50001157 -.00247362  00000-0 -27667-2 0  9994
2 45783  53.0002  55.5502 0001327  48.9791 123.5040 15.62861772  8820
STARLINK-1510           
1 45784U 20038BG  20214.50001157 -.00174165  00000-0 -19326-2 0  9998
2 45784  52.9999  55.5285 0001429  57.9322 124.7038 15.62813118  8826
STARLINK-1512           
1 45785U 20038BH  20214.50001157  .00049338  00000-0  54242-3 0  9997
2 45785  53.0002  55.5738 0001592  49.3787 107.7922 15.62703535  8822
STARLINK-1513           
1 45786U 20038BJ  20214.50001157  .00049065  00000-0  53807-3 0  9991
2 45786  53.0001  55.5486 0001550  60.2135 106.9942 15.62770047  8820
STARLINK-1517           
1 45787U 20038BK  20214.50001157  .00048296  00000-0  53099-3 0  9990
2 45787  53.0002  55.5617 0001449  56.4715 105.9146 15.62711398  8825
FALCON 9 DEB            
1 45791U 20038BP  20206.87471469  .05195266  12238-4  29372-3 0  9995
2 45791  52.9771  82.5412 0021004 233.4930 126.4181 16.39887080  6832
FALCON 9 DEB            
1 45792U 20038BQ  20208.61004234  .08351338  12359-4  19799-3 0  9995
2 45792  52.9846  73.4032 0017860 242.1701 117.7537 16.44459358  7110
FALCON 9 DEB            
1 45793U 20038BR  20203.91187763  .06499782  12294-4  18808-3 0  9995
2 45793  52.9817  97.5537 0017004 220.7375 139.2401 16.43567954  6361
FALCON 9 DEB            
1 45798U 20038BS  20201.61315106  .09201333  12361-4  15608-3 0  9995
2 45798  52.9834 109.6044 0014081 215.1258 144.8864 16.46747133  5998
